TITLE
Example 8.4.1 - Bending of a v-notched Tresca bar

ANALYSIS_TYPE     2 (Plane strain)

LARGE_STRAIN_FORMULATION   OFF

SOLUTION_ALGORITHM  2

ELEMENT_GROUPS 1
  1 1 1

ELEMENT_TYPES 1
  1  QUAD_8
       4 GP

ELEMENTS 312
       1 1    1   346    32   347   122   348    14   349
       2 1   14   348   122   350   123   351    15   352
       3 1   15   351   123   353   124   354    16   355
       4 1   16   354   124   356   125   357    17   358
       5 1   17   357   125   359    31   360     2   361
       6 1   32   362    33   363   126   364   122   347
       7 1  122   364   126   365   127   366   123   350
       8 1  123   366   127   367   128   368   124   353
       9 1  124   368   128   369   129   370   125   356
      10 1  125   370   129   371    30   372    31   359
      11 1   33   373    34   374   130   375   126   363
      12 1  126   375   130   376   131   377   127   365
      13 1  127   377   131   378   132   379   128   367
      14 1  128   379   132   380   133   381   129   369
      15 1  129   381   133   382    29   383    30   371
      16 1   34   384    35   385   134   386   130   374
      17 1  130   386   134   387   135   388   131   376
      18 1  131   388   135   389   136   390   132   378
      19 1  132   390   136   391   137   392   133   380
      20 1  133   392   137   393    28   394    29   382
      21 1   35   395    36   396   138   397   134   385
      22 1  134   397   138   398   139   399   135   387
      23 1  135   399   139   400   140   401   136   389
      24 1  136   401   140   402   141   403   137   391
      25 1  137   403   141   404    27   405    28   393
      26 1   36   406    37   407   142   408   138   396
      27 1  138   408   142   409   143   410   139   398
      28 1  139   410   143   411   144   412   140   400
      29 1  140   412   144   413   145   414   141   402
      30 1  141   414   145   415    26   416    27   404
      31 1   37   417    38   418   146   419   142   407
      32 1  142   419   146   420   147   421   143   409
      33 1  143   421   147   422   148   423   144   411
      34 1  144   423   148   424   149   425   145   413
      35 1  145   425   149   426    25   427    26   415
      36 1   38   428     5   429    42   430   146   418
      37 1  146   430    42   431    41   432   147   420
      38 1  147   432    41   433    40   434   148   422
      39 1  148   434    40   435    39   436   149   424
      40 1  149   436    39   437     4   438    25   426
      41 1    3   439   117   440   150   441    18   442
      42 1   18   441   150   443   151   444    19   445
      43 1   19   444   151   446   152   447    20   448
      44 1   20   447   152   449   153   450    21   451
      45 1   21   450   153   452   154   453    22   454
      46 1   22   453   154   455   155   456    23   457
      47 1   23   456   155   458   156   459    24   460
      48 1   24   459   156   461    25   438     4   462
      49 1  117   463   116   464   157   465   150   440
      50 1  150   465   157   466   158   467   151   443
      51 1  151   467   158   468   159   469   152   446
      52 1  152   469   159   470   160   471   153   449
      53 1  153   471   160   472   161   473   154   452
      54 1  154   473   161   474   162   475   155   455
      55 1  155   475   162   476   163   477   156   458
      56 1  156   477   163   478    26   427    25   461
      57 1  116   479   115   480   164   481   157   464
      58 1  157   481   164   482   165   483   158   466
      59 1  158   483   165   484   166   485   159   468
      60 1  159   485   166   486   167   487   160   470
      61 1  160   487   167   488   168   489   161   472
      62 1  161   489   168   490   169   491   162   474
      63 1  162   491   169   492   170   493   163   476
      64 1  163   493   170   494    27   416    26   478
      65 1  115   495   114   496   171   497   164   480
      66 1  164   497   171   498   172   499   165   482
      67 1  165   499   172   500   173   501   166   484
      68 1  166   501   173   502   174   503   167   486
      69 1  167   503   174   504   175   505   168   488
      70 1  168   505   175   506   176   507   169   490
      71 1  169   507   176   508   177   509   170   492
      72 1  170   509   177   510    28   405    27   494
      73 1  114   511   113   512   178   513   171   496
      74 1  171   513   178   514   179   515   172   498
      75 1  172   515   179   516   180   517   173   500
      76 1  173   517   180   518   181   519   174   502
      77 1  174   519   181   520   182   521   175   504
      78 1  175   521   182   522   183   523   176   506
      79 1  176   523   183   524   184   525   177   508
      80 1  177   525   184   526    29   394    28   510
      81 1  113   527   112   528   185   529   178   512
      82 1  178   529   185   530   186   531   179   514
      83 1  179   531   186   532   187   533   180   516
      84 1  180   533   187   534   188   535   181   518
      85 1  181   535   188   536   189   537   182   520
      86 1  182   537   189   538   190   539   183   522
      87 1  183   539   190   540   191   541   184   524
      88 1  184   541   191   542    30   383    29   526
      89 1  112   543   111   544   192   545   185   528
      90 1  185   545   192   546   193   547   186   530
      91 1  186   547   193   548   194   549   187   532
      92 1  187   549   194   550   195   551   188   534
      93 1  188   551   195   552   196   553   189   536
      94 1  189   553   196   554   197   555   190   538
      95 1  190   555   197   556   198   557   191   540
      96 1  191   557   198   558    31   372    30   542
      97 1  111   559    11   560    84   561   192   544
      98 1  192   561    84   562    83   563   193   546
      99 1  193   563    83   564    82   565   194   548
     100 1  194   565    82   566    81   567   195   550
     101 1  195   567    81   568    80   569   196   552
     102 1  196   569    80   570    79   571   197   554
     103 1  197   571    79   572    78   573   198   556
     104 1  198   573    78   574     2   360    31   558
     105 1    3   442    18   575   199   576   118   577
     106 1   18   445    19   578   200   579   199   575
     107 1   19   448    20   580   201   581   200   578
     108 1   20   451    21   582   202   583   201   580
     109 1   21   454    22   584   203   585   202   582
     110 1   22   457    23   586   204   587   203   584
     111 1   23   460    24   588   205   589   204   586
     112 1   24   462     4   437    39   590   205   588
     113 1  118   576   199   591   206   592   119   593
     114 1  199   579   200   594   207   595   206   591
     115 1  200   581   201   596   208   597   207   594
     116 1  201   583   202   598   209   599   208   596
     117 1  202   585   203   600   210   601   209   598
     118 1  203   587   204   602   211   603   210   600
     119 1  204   589   205   604   212   605   211   602
     120 1  205   590    39   435    40   606   212   604
     121 1  119   592   206   607   213   608   120   609
     122 1  206   595   207   610   214   611   213   607
     123 1  207   597   208   612   215   613   214   610
     124 1  208   599   209   614   216   615   215   612
     125 1  209   601   210   616   217   617   216   614
     126 1  210   603   211   618   218   619   217   616
     127 1  211   605   212   620   219   621   218   618
     128 1  212   606    40   433    41   622   219   620
     129 1  120   608   213   623   220   624   121   625
     130 1  213   611   214   626   221   627   220   623
     131 1  214   613   215   628   222   629   221   626
     132 1  215   615   216   630   223   631   222   628
     133 1  216   617   217   632   224   633   223   630
     134 1  217   619   218   634   225   635   224   632
     135 1  218   621   219   636   226   637   225   634
     136 1  219   622    41   431    42   638   226   636
     137 1  121   624   220   639    54   640     8   641
     138 1  220   627   221   642    55   643    54   639
     139 1  221   629   222   644    56   645    55   642
     140 1  222   631   223   646    57   647    56   644
     141 1  223   633   224   648    58   649    57   646
     142 1  224   635   225   650    59   651    58   648
     143 1  225   637   226   652    60   653    59   650
     144 1  226   638    42   429     5   654    60   652
     145 1    5   655    43   656   227   657    60   654
     146 1   43   658    44   659   228   660   227   656
     147 1   44   661    45   662   229   663   228   659
     148 1   45   664    46   665   230   666   229   662
     149 1   46   667     6   668    47   669   230   665
     150 1   60   657   227   670   231   671    59   653
     151 1  227   660   228   672   232   673   231   670
     152 1  228   663   229   674   233   675   232   672
     153 1  229   666   230   676   234   677   233   674
     154 1  230   669    47   678    48   679   234   676
     155 1   59   671   231   680   235   681    58   651
     156 1  231   673   232   682   236   683   235   680
     157 1  232   675   233   684   237   685   236   682
     158 1  233   677   234   686   238   687   237   684
     159 1  234   679    48   688    49   689   238   686
     160 1   58   681   235   690   239   691    57   649
     161 1  235   683   236   692   240   693   239   690
     162 1  236   685   237   694   241   695   240   692
     163 1  237   687   238   696   242   697   241   694
     164 1  238   689    49   698    50   699   242   696
     165 1   57   691   239   700   243   701    56   647
     166 1  239   693   240   702   244   703   243   700
     167 1  240   695   241   704   245   705   244   702
     168 1  241   697   242   706   246   707   245   704
     169 1  242   699    50   708    51   709   246   706
     170 1   56   701   243   710   247   711    55   645
     171 1  243   703   244   712   248   713   247   710
     172 1  244   705   245   714   249   715   248   712
     173 1  245   707   246   716   250   717   249   714
     174 1  246   709    51   718    52   719   250   716
     175 1   55   711   247   720   251   721    54   643
     176 1  247   713   248   722   252   723   251   720
     177 1  248   715   249   724   253   725   252   722
     178 1  249   717   250   726   254   727   253   724
     179 1  250   719    52   728    53   729   254   726
     180 1   54   721   251   730   103   731     8   640
     181 1  251   723   252   732   102   733   103   730
     182 1  252   725   253   734   101   735   102   732
     183 1  253   727   254   736   100   737   101   734
     184 1  254   729    53   738     7   739   100   736
     185 1    6   740    77   741   255   742    47   668
     186 1   47   742   255   743   256   744    48   678
     187 1   48   744   256   745   257   746    49   688
     188 1   49   746   257   747   258   748    50   698
     189 1   50   748   258   749   259   750    51   708
     190 1   51   750   259   751   260   752    52   718
     191 1   52   752   260   753   261   754    53   728
     192 1   53   754   261   755    61   756     7   738
     193 1   77   757    76   758   262   759   255   741
     194 1  255   759   262   760   263   761   256   743
     195 1  256   761   263   762   264   763   257   745
     196 1  257   763   264   764   265   765   258   747
     197 1  258   765   265   766   266   767   259   749
     198 1  259   767   266   768   267   769   260   751
     199 1  260   769   267   770   268   771   261   753
     200 1  261   771   268   772    62   773    61   755
     201 1   76   774    75   775   269   776   262   758
     202 1  262   776   269   777   270   778   263   760
     203 1  263   778   270   779   271   780   264   762
     204 1  264   780   271   781   272   782   265   764
     205 1  265   782   272   783   273   784   266   766
     206 1  266   784   273   785   274   786   267   768
     207 1  267   786   274   787   275   788   268   770
     208 1  268   788   275   789    63   790    62   772
     209 1   75   791    74   792   276   793   269   775
     210 1  269   793   276   794   277   795   270   777
     211 1  270   795   277   796   278   797   271   779
     212 1  271   797   278   798   279   799   272   781
     213 1  272   799   279   800   280   801   273   783
     214 1  273   801   280   802   281   803   274   785
     215 1  274   803   281   804   282   805   275   787
     216 1  275   805   282   806    64   807    63   789
     217 1   74   808    73   809   283   810   276   792
     218 1  276   810   283   811   284   812   277   794
     219 1  277   812   284   813   285   814   278   796
     220 1  278   814   285   815   286   816   279   798
     221 1  279   816   286   817   287   818   280   800
     222 1  280   818   287   819   288   820   281   802
     223 1  281   820   288   821   289   822   282   804
     224 1  282   822   289   823    65   824    64   806
     225 1   73   825    10   826    72   827   283   809
     226 1  283   827    72   828    71   829   284   811
     227 1  284   829    71   830    70   831   285   813
     228 1  285   831    70   832    69   833   286   815
     229 1  286   833    69   834    68   835   287   817
     230 1  287   835    68   836    67   837   288   819
     231 1  288   837    67   838    66   839   289   821
     232 1  289   839    66   840     9   841    65   823
     233 1   11   559   111   842   290   843    85   844
     234 1   85   843   290   845   291   846    86   847
     235 1   86   846   291   848   292   849    87   850
     236 1   87   849   292   851   293   852    88   853
     237 1   88   852   293   854   110   855    12   856
     238 1  111   543   112   857   294   858   290   842
     239 1  290   858   294   859   295   860   291   845
     240 1  291   860   295   861   296   862   292   848
     241 1  292   862   296   863   297   864   293   851
     242 1  293   864   297   865   109   866   110   854
     243 1  112   527   113   867   298   868   294   857
     244 1  294   868   298   869   299   870   295   859
     245 1  295   870   299   871   300   872   296   861
     246 1  296   872   300   873   301   874   297   863
     247 1  297   874   301   875   108   876   109   865
     248 1  113   511   114   877   302   878   298   867
     249 1  298   878   302   879   303   880   299   869
     250 1  299   880   303   881   304   882   300   871
     251 1  300   882   304   883   305   884   301   873
     252 1  301   884   305   885   107   886   108   875
     253 1  114   495   115   887   306   888   302   877
     254 1  302   888   306   889   307   890   303   879
     255 1  303   890   307   891   308   892   304   881
     256 1  304   892   308   893   309   894   305   883
     257 1  305   894   309   895   106   896   107   885
     258 1  115   479   116   897   310   898   306   887
     259 1  306   898   310   899   311   900   307   889
     260 1  307   900   311   901   312   902   308   891
     261 1  308   902   312   903   313   904   309   893
     262 1  309   904   313   905   105   906   106   895
     263 1  116   463   117   907   314   908   310   897
     264 1  310   908   314   909   315   910   311   899
     265 1  311   910   315   911   316   912   312   901
     266 1  312   912   316   913   317   914   313   903
     267 1  313   914   317   915   104   916   105   905
     268 1  117   439     3   577   118   917   314   907
     269 1  314   917   118   593   119   918   315   909
     270 1  315   918   119   609   120   919   316   911
     271 1  316   919   120   625   121   920   317   913
     272 1  317   920   121   641     8   921   104   915
     273 1   12   855   110   922   318   923    89   924
     274 1   89   923   318   925   319   926    90   927
     275 1   90   926   319   928   320   929    91   930
     276 1   91   929   320   931   321   932    92   933
     277 1   92   932   321   934    93   935    13   936
     278 1  110   866   109   937   322   938   318   922
     279 1  318   938   322   939   323   940   319   925
     280 1  319   940   323   941   324   942   320   928
     281 1  320   942   324   943   325   944   321   931
     282 1  321   944   325   945    94   946    93   934
     283 1  109   876   108   947   326   948   322   937
     284 1  322   948   326   949   327   950   323   939
     285 1  323   950   327   951   328   952   324   941
     286 1  324   952   328   953   329   954   325   943
     287 1  325   954   329   955    95   956    94   945
     288 1  108   886   107   957   330   958   326   947
     289 1  326   958   330   959   331   960   327   949
     290 1  327   960   331   961   332   962   328   951
     291 1  328   962   332   963   333   964   329   953
     292 1  329   964   333   965    96   966    95   955
     293 1  107   896   106   967   334   968   330   957
     294 1  330   968   334   969   335   970   331   959
     295 1  331   970   335   971   336   972   332   961
     296 1  332   972   336   973   337   974   333   963
     297 1  333   974   337   975    97   976    96   965
     298 1  106   906   105   977   338   978   334   967
     299 1  334   978   338   979   339   980   335   969
     300 1  335   980   339   981   340   982   336   971
     301 1  336   982   340   983   341   984   337   973
     302 1  337   984   341   985    98   986    97   975
     303 1  105   916   104   987   342   988   338   977
     304 1  338   988   342   989   343   990   339   979
     305 1  339   990   343   991   344   992   340   981
     306 1  340   992   344   993   345   994   341   983
     307 1  341   994   345   995    99   996    98   985
     308 1  104   921     8   731   103   997   342   987
     309 1  342   997   103   733   102   998   343   989
     310 1  343   998   102   735   101   999   344   991
     311 1  344   999   101   737   100  1000   345   993
     312 1  345  1000   100   739     7  1001    99   995

NODE_COORDINATES 1001 CARTESIAN
       1     0.0000000000e+00    -5.0000000000e+00
       2     0.0000000000e+00    -3.3333333000e+00
       3     1.6666666000e+00    -1.6666666000e+00
       4     1.6666666000e+00    -3.3333333000e+00
       5     3.3333333000e+00    -5.0000000000e+00
       6     6.3333335000e+00    -5.0000000000e+00
       7     6.3333335000e+00     3.0000000000e+00
       8     3.3333333000e+00     0.0000000000e+00
       9     4.0000000000e+01     3.0000000000e+00
      10     4.0000000000e+01    -5.0000000000e+00
      11     0.0000000000e+00    -1.6666666000e+00
      12     0.0000000000e+00     0.0000000000e+00
      13     3.0000000000e+00     3.0000000000e+00
      14     0.0000000000e+00    -4.6666666600e+00
      15     0.0000000000e+00    -4.3333333200e+00
      16     0.0000000000e+00    -3.9999999800e+00
      17     0.0000000000e+00    -3.6666666400e+00
      18     1.6666666000e+00    -1.8749999375e+00
      19     1.6666666000e+00    -2.0833332750e+00
      20     1.6666666000e+00    -2.2916666125e+00
      21     1.6666666000e+00    -2.4999999500e+00
      22     1.6666666000e+00    -2.7083332875e+00
      23     1.6666666000e+00    -2.9166666250e+00
      24     1.6666666000e+00    -3.1249999625e+00
      25     1.4583332750e+00    -3.3333333000e+00
      26     1.2499999500e+00    -3.3333333000e+00
      27     1.0416666250e+00    -3.3333333000e+00
      28     8.3333330000e-01    -3.3333333000e+00
      29     6.2499997500e-01    -3.3333333000e+00
      30     4.1666665000e-01    -3.3333333000e+00
      31     2.0833332500e-01    -3.3333333000e+00
      32     4.1666666250e-01    -5.0000000000e+00
      33     8.3333332500e-01    -5.0000000000e+00
      34     1.2499999875e+00    -5.0000000000e+00
      35     1.6666666500e+00    -5.0000000000e+00
      36     2.0833333125e+00    -5.0000000000e+00
      37     2.4999999750e+00    -5.0000000000e+00
      38     2.9166666375e+00    -5.0000000000e+00
      39     1.9999999400e+00    -3.6666666400e+00
      40     2.3333332800e+00    -3.9999999800e+00
      41     2.6666666200e+00    -4.3333333200e+00
      42     2.9999999600e+00    -4.6666666600e+00
      43     3.5608214668e+00    -5.0000000000e+00
      44     3.9020537171e+00    -5.0000000000e+00
      45     4.4139020924e+00    -5.0000000000e+00
      46     5.1816746555e+00    -5.0000000000e+00
      47     6.3333335000e+00    -4.0000000000e+00
      48     6.3333335000e+00    -3.0000000000e+00
      49     6.3333335000e+00    -2.0000000000e+00
      50     6.3333335000e+00    -1.0000000000e+00
      51     6.3333335000e+00    -4.4408920985e-16
      52     6.3333335000e+00     1.0000000000e+00
      53     6.3333335000e+00     2.0000000000e+00
      54     3.3333333000e+00    -6.2500000000e-01
      55     3.3333333000e+00    -1.2500000000e+00
      56     3.3333333000e+00    -1.8750000000e+00
      57     3.3333333000e+00    -2.5000000000e+00
      58     3.3333333000e+00    -3.1250000000e+00
      59     3.3333333000e+00    -3.7500000000e+00
      60     3.3333333000e+00    -4.3750000000e+00
      61     8.9726081411e+00     3.0000000000e+00
      62     1.2403665175e+01     3.0000000000e+00
      63     1.6864039318e+01     3.0000000000e+00
      64     2.2662525704e+01     3.0000000000e+00
      65     3.0200558007e+01     3.0000000000e+00
      66     4.0000000000e+01     2.0000000000e+00
      67     4.0000000000e+01     1.0000000000e+00
      68     4.0000000000e+01    -4.4408920985e-16
      69     4.0000000000e+01    -1.0000000000e+00
      70     4.0000000000e+01    -2.0000000000e+00
      71     4.0000000000e+01    -3.0000000000e+00
      72     4.0000000000e+01    -4.0000000000e+00
      73     3.0200558007e+01    -5.0000000000e+00
      74     2.2662525704e+01    -5.0000000000e+00
      75     1.6864039318e+01    -5.0000000000e+00
      76     1.2403665175e+01    -5.0000000000e+00
      77     8.9726081411e+00    -5.0000000000e+00
      78     0.0000000000e+00    -3.1249999625e+00
      79     0.0000000000e+00    -2.9166666250e+00
      80     0.0000000000e+00    -2.7083332875e+00
      81     0.0000000000e+00    -2.4999999500e+00
      82     0.0000000000e+00    -2.2916666125e+00
      83     0.0000000000e+00    -2.0833332750e+00
      84     0.0000000000e+00    -1.8749999375e+00
      85     0.0000000000e+00    -1.3333332800e+00
      86     0.0000000000e+00    -9.9999996000e-01
      87     0.0000000000e+00    -6.6666664000e-01
      88     0.0000000000e+00    -3.3333332000e-01
      89     2.2748815166e-01     2.2748815166e-01
      90     5.6872037915e-01     5.6872037915e-01
      91     1.0805687204e+00     1.0805687204e+00
      92     1.8483412322e+00     1.8483412322e+00
      93     3.4166666875e+00     3.0000000000e+00
      94     3.8333333750e+00     3.0000000000e+00
      95     4.2500000625e+00     3.0000000000e+00
      96     4.6666667500e+00     3.0000000000e+00
      97     5.0833334375e+00     3.0000000000e+00
      98     5.5000001250e+00     3.0000000000e+00
      99     5.9166668125e+00     3.0000000000e+00
     100     5.1816746555e+00     1.8483412322e+00
     101     4.4139020924e+00     1.0805687204e+00
     102     3.9020537171e+00     5.6872037915e-01
     103     3.5608214668e+00     2.2748815166e-01
     104     2.9166666375e+00     0.0000000000e+00
     105     2.4999999750e+00     0.0000000000e+00
     106     2.0833333125e+00     0.0000000000e+00
     107     1.6666666500e+00     0.0000000000e+00
     108     1.2499999875e+00     0.0000000000e+00
     109     8.3333332500e-01     0.0000000000e+00
     110     4.1666666250e-01     0.0000000000e+00
     111     2.0833332500e-01    -1.6666666000e+00
     112     4.1666665000e-01    -1.6666666000e+00
     113     6.2499997500e-01    -1.6666666000e+00
     114     8.3333330000e-01    -1.6666666000e+00
     115     1.0416666250e+00    -1.6666666000e+00
     116     1.2499999500e+00    -1.6666666000e+00
     117     1.4583332750e+00    -1.6666666000e+00
     118     1.9999999400e+00    -1.3333332800e+00
     119     2.3333332800e+00    -9.9999996000e-01
     120     2.6666666200e+00    -6.6666664000e-01
     121     2.9999999600e+00    -3.3333332000e-01
     122     3.7499999500e-01    -4.6666666600e+00
     123     3.3333332750e-01    -4.3333333200e+00
     124     2.9166666000e-01    -3.9999999800e+00
     125     2.4999999250e-01    -3.6666666400e+00
     126     7.4999999000e-01    -4.6666666600e+00
     127     6.6666665500e-01    -4.3333333200e+00
     128     5.8333332000e-01    -3.9999999800e+00
     129     4.9999998500e-01    -3.6666666400e+00
     130     1.1249999850e+00    -4.6666666600e+00
     131     9.9999998250e-01    -4.3333333200e+00
     132     8.7499998000e-01    -3.9999999800e+00
     133     7.4999997750e-01    -3.6666666400e+00
     134     1.4999999800e+00    -4.6666666600e+00
     135     1.3333333100e+00    -4.3333333200e+00
     136     1.1666666400e+00    -3.9999999800e+00
     137     9.9999997000e-01    -3.6666666400e+00
     138     1.8749999750e+00    -4.6666666600e+00
     139     1.6666666375e+00    -4.3333333200e+00
     140     1.4583333000e+00    -3.9999999800e+00
     141     1.2499999625e+00    -3.6666666400e+00
     142     2.2499999700e+00    -4.6666666600e+00
     143     1.9999999650e+00    -4.3333333200e+00
     144     1.7499999600e+00    -3.9999999800e+00
     145     1.4999999550e+00    -3.6666666400e+00
     146     2.6249999650e+00    -4.6666666600e+00
     147     2.3333332925e+00    -4.3333333200e+00
     148     2.0416666200e+00    -3.9999999800e+00
     149     1.7499999475e+00    -3.6666666400e+00
     150     1.4583332750e+00    -1.8749999375e+00
     151     1.4583332750e+00    -2.0833332750e+00
     152     1.4583332750e+00    -2.2916666125e+00
     153     1.4583332750e+00    -2.4999999500e+00
     154     1.4583332750e+00    -2.7083332875e+00
     155     1.4583332750e+00    -2.9166666250e+00
     156     1.4583332750e+00    -3.1249999625e+00
     157     1.2499999500e+00    -1.8749999375e+00
     158     1.2499999500e+00    -2.0833332750e+00
     159     1.2499999500e+00    -2.2916666125e+00
     160     1.2499999500e+00    -2.4999999500e+00
     161     1.2499999500e+00    -2.7083332875e+00
     162     1.2499999500e+00    -2.9166666250e+00
     163     1.2499999500e+00    -3.1249999625e+00
     164     1.0416666250e+00    -1.8749999375e+00
     165     1.0416666250e+00    -2.0833332750e+00
     166     1.0416666250e+00    -2.2916666125e+00
     167     1.0416666250e+00    -2.4999999500e+00
     168     1.0416666250e+00    -2.7083332875e+00
     169     1.0416666250e+00    -2.9166666250e+00
     170     1.0416666250e+00    -3.1249999625e+00
     171     8.3333330000e-01    -1.8749999375e+00
     172     8.3333330000e-01    -2.0833332750e+00
     173     8.3333330000e-01    -2.2916666125e+00
     174     8.3333330000e-01    -2.4999999500e+00
     175     8.3333330000e-01    -2.7083332875e+00
     176     8.3333330000e-01    -2.9166666250e+00
     177     8.3333330000e-01    -3.1249999625e+00
     178     6.2499997500e-01    -1.8749999375e+00
     179     6.2499997500e-01    -2.0833332750e+00
     180     6.2499997500e-01    -2.2916666125e+00
     181     6.2499997500e-01    -2.4999999500e+00
     182     6.2499997500e-01    -2.7083332875e+00
     183     6.2499997500e-01    -2.9166666250e+00
     184     6.2499997500e-01    -3.1249999625e+00
     185     4.1666665000e-01    -1.8749999375e+00
     186     4.1666665000e-01    -2.0833332750e+00
     187     4.1666665000e-01    -2.2916666125e+00
     188     4.1666665000e-01    -2.4999999500e+00
     189     4.1666665000e-01    -2.7083332875e+00
     190     4.1666665000e-01    -2.9166666250e+00
     191     4.1666665000e-01    -3.1249999625e+00
     192     2.0833332500e-01    -1.8749999375e+00
     193     2.0833332500e-01    -2.0833332750e+00
     194     2.0833332500e-01    -2.2916666125e+00
     195     2.0833332500e-01    -2.4999999500e+00
     196     2.0833332500e-01    -2.7083332875e+00
     197     2.0833332500e-01    -2.9166666250e+00
     198     2.0833332500e-01    -3.1249999625e+00
     199     1.9999999400e+00    -1.6249999500e+00
     200     1.9999999400e+00    -1.9166666200e+00
     201     1.9999999400e+00    -2.2083332900e+00
     202     1.9999999400e+00    -2.4999999600e+00
     203     1.9999999400e+00    -2.7916666300e+00
     204     1.9999999400e+00    -3.0833333000e+00
     205     1.9999999400e+00    -3.3749999700e+00
     206     2.3333332800e+00    -1.3749999625e+00
     207     2.3333332800e+00    -1.7499999650e+00
     208     2.3333332800e+00    -2.1249999675e+00
     209     2.3333332800e+00    -2.4999999700e+00
     210     2.3333332800e+00    -2.8749999725e+00
     211     2.3333332800e+00    -3.2499999750e+00
     212     2.3333332800e+00    -3.6249999775e+00
     213     2.6666666200e+00    -1.1249999750e+00
     214     2.6666666200e+00    -1.5833333100e+00
     215     2.6666666200e+00    -2.0416666450e+00
     216     2.6666666200e+00    -2.4999999800e+00
     217     2.6666666200e+00    -2.9583333150e+00
     218     2.6666666200e+00    -3.4166666500e+00
     219     2.6666666200e+00    -3.8749999850e+00
     220     2.9999999600e+00    -8.7499998750e-01
     221     2.9999999600e+00    -1.4166666550e+00
     222     2.9999999600e+00    -1.9583333225e+00
     223     2.9999999600e+00    -2.4999999900e+00
     224     2.9999999600e+00    -3.0416666575e+00
     225     2.9999999600e+00    -3.5833333250e+00
     226     2.9999999600e+00    -4.1249999925e+00
     227     3.5608214668e+00    -4.3465639810e+00
     228     3.9020537171e+00    -4.3039099526e+00
     229     4.4139020924e+00    -4.2399289100e+00
     230     5.1816746555e+00    -4.1439573460e+00
     231     3.5608214668e+00    -3.6931279621e+00
     232     3.9020537171e+00    -3.6078199052e+00
     233     4.4139020924e+00    -3.4798578199e+00
     234     5.1816746555e+00    -3.2879146919e+00
     235     3.5608214668e+00    -3.0396919431e+00
     236     3.9020537171e+00    -2.9117298578e+00
     237     4.4139020924e+00    -2.7197867299e+00
     238     5.1816746555e+00    -2.4318720379e+00
     239     3.5608214668e+00    -2.3862559242e+00
     240     3.9020537171e+00    -2.2156398104e+00
     241     4.4139020924e+00    -1.9597156398e+00
     242     5.1816746555e+00    -1.5758293839e+00
     243     3.5608214668e+00    -1.7328199052e+00
     244     3.9020537171e+00    -1.5195497630e+00
     245     4.4139020924e+00    -1.1996445498e+00
     246     5.1816746555e+00    -7.1978672986e-01
     247     3.5608214668e+00    -1.0793838863e+00
     248     3.9020537171e+00    -8.2345971564e-01
     249     4.4139020924e+00    -4.3957345972e-01
     250     5.1816746555e+00     1.3625592417e-01
     251     3.5608214668e+00    -4.2594786730e-01
     252     3.9020537171e+00    -1.2736966825e-01
     253     4.4139020924e+00     3.2049763033e-01
     254     5.1816746555e+00     9.9229857820e-01
     255     8.9726081411e+00    -4.0000000000e+00
     256     8.9726081411e+00    -3.0000000000e+00
     257     8.9726081411e+00    -2.0000000000e+00
     258     8.9726081411e+00    -1.0000000000e+00
     259     8.9726081411e+00    -4.4408920985e-16
     260     8.9726081411e+00     1.0000000000e+00
     261     8.9726081411e+00     2.0000000000e+00
     262     1.2403665175e+01    -4.0000000000e+00
     263     1.2403665175e+01    -3.0000000000e+00
     264     1.2403665175e+01    -2.0000000000e+00
     265     1.2403665175e+01    -1.0000000000e+00
     266     1.2403665175e+01    -2.2204460493e-16
     267     1.2403665175e+01     1.0000000000e+00
     268     1.2403665175e+01     2.0000000000e+00
     269     1.6864039318e+01    -4.0000000000e+00
     270     1.6864039318e+01    -3.0000000000e+00
     271     1.6864039318e+01    -2.0000000000e+00
     272     1.6864039318e+01    -1.0000000000e+00
     273     1.6864039318e+01    -2.2204460493e-16
     274     1.6864039318e+01     1.0000000000e+00
     275     1.6864039318e+01     2.0000000000e+00
     276     2.2662525704e+01    -4.0000000000e+00
     277     2.2662525704e+01    -3.0000000000e+00
     278     2.2662525704e+01    -2.0000000000e+00
     279     2.2662525704e+01    -1.0000000000e+00
     280     2.2662525704e+01    -4.4408920985e-16
     281     2.2662525704e+01     1.0000000000e+00
     282     2.2662525704e+01     2.0000000000e+00
     283     3.0200558007e+01    -4.0000000000e+00
     284     3.0200558007e+01    -3.0000000000e+00
     285     3.0200558007e+01    -2.0000000000e+00
     286     3.0200558007e+01    -1.0000000000e+00
     287     3.0200558007e+01    -6.6613381478e-16
     288     3.0200558007e+01     1.0000000000e+00
     289     3.0200558007e+01     2.0000000000e+00
     290     2.4999999250e-01    -1.3333332800e+00
     291     2.9166666000e-01    -9.9999996000e-01
     292     3.3333332750e-01    -6.6666664000e-01
     293     3.7499999500e-01    -3.3333332000e-01
     294     4.9999998500e-01    -1.3333332800e+00
     295     5.8333332000e-01    -9.9999996000e-01
     296     6.6666665500e-01    -6.6666664000e-01
     297     7.4999999000e-01    -3.3333332000e-01
     298     7.4999997750e-01    -1.3333332800e+00
     299     8.7499998000e-01    -9.9999996000e-01
     300     9.9999998250e-01    -6.6666664000e-01
     301     1.1249999850e+00    -3.3333332000e-01
     302     9.9999997000e-01    -1.3333332800e+00
     303     1.1666666400e+00    -9.9999996000e-01
     304     1.3333333100e+00    -6.6666664000e-01
     305     1.4999999800e+00    -3.3333332000e-01
     306     1.2499999625e+00    -1.3333332800e+00
     307     1.4583333000e+00    -9.9999996000e-01
     308     1.6666666375e+00    -6.6666664000e-01
     309     1.8749999750e+00    -3.3333332000e-01
     310     1.4999999550e+00    -1.3333332800e+00
     311     1.7499999600e+00    -9.9999996000e-01
     312     1.9999999650e+00    -6.6666664000e-01
     313     2.2499999700e+00    -3.3333332000e-01
     314     1.7499999475e+00    -1.3333332800e+00
     315     2.0416666200e+00    -9.9999996000e-01
     316     2.3333332925e+00    -6.6666664000e-01
     317     2.6249999650e+00    -3.3333332000e-01
     318     6.4415481605e-01     2.2748815166e-01
     319     9.8538704639e-01     5.6872037915e-01
     320     1.4972353919e+00     1.0805687204e+00
     321     2.2650079101e+00     1.8483412322e+00
     322     1.0608214805e+00     2.2748815166e-01
     323     1.4020537136e+00     5.6872037915e-01
     324     1.9139020634e+00     1.0805687204e+00
     325     2.6816745880e+00     1.8483412322e+00
     326     1.4774881448e+00     2.2748815166e-01
     327     1.8187203809e+00     5.6872037915e-01
     328     2.3305687349e+00     1.0805687204e+00
     329     3.0983412659e+00     1.8483412322e+00
     330     1.8941548092e+00     2.2748815166e-01
     331     2.2353870481e+00     5.6872037915e-01
     332     2.7472354064e+00     1.0805687204e+00
     333     3.5150079438e+00     1.8483412322e+00
     334     2.3108214736e+00     2.2748815166e-01
     335     2.6520537153e+00     5.6872037915e-01
     336     3.1639020779e+00     1.0805687204e+00
     337     3.9316746217e+00     1.8483412322e+00
     338     2.7274881380e+00     2.2748815166e-01
     339     3.0687203826e+00     5.6872037915e-01
     340     3.5805687494e+00     1.0805687204e+00
     341     4.3483412996e+00     1.8483412322e+00
     342     3.1441548024e+00     2.2748815166e-01
     343     3.4853870498e+00     5.6872037915e-01
     344     3.9972354209e+00     1.0805687204e+00
     345     4.7650079775e+00     1.8483412322e+00
     346     2.0833333125e-01    -5.0000000000e+00
     347     3.9583332875e-01    -4.8333333300e+00
     348     1.8749999750e-01    -4.6666666600e+00
     349     0.0000000000e+00    -4.8333333300e+00
     350     3.5416666125e-01    -4.4999999900e+00
     351     1.6666666375e-01    -4.3333333200e+00
     352     0.0000000000e+00    -4.4999999900e+00
     353     3.1249999375e-01    -4.1666666500e+00
     354     1.4583333000e-01    -3.9999999800e+00
     355     0.0000000000e+00    -4.1666666500e+00
     356     2.7083332625e-01    -3.8333333100e+00
     357     1.2499999625e-01    -3.6666666400e+00
     358     0.0000000000e+00    -3.8333333100e+00
     359     2.2916665875e-01    -3.4999999700e+00
     360     1.0416666250e-01    -3.3333333000e+00
     361     0.0000000000e+00    -3.4999999700e+00
     362     6.2499999375e-01    -5.0000000000e+00
     363     7.9166665750e-01    -4.8333333300e+00
     364     5.6249999250e-01    -4.6666666600e+00
     365     7.0833332250e-01    -4.4999999900e+00
     366     4.9999999125e-01    -4.3333333200e+00
     367     6.2499998750e-01    -4.1666666500e+00
     368     4.3749999000e-01    -3.9999999800e+00
     369     5.4166665250e-01    -3.8333333100e+00
     370     3.7499998875e-01    -3.6666666400e+00
     371     4.5833331750e-01    -3.4999999700e+00
     372     3.1249998750e-01    -3.3333333000e+00
     373     1.0416666562e+00    -5.0000000000e+00
     374     1.1874999863e+00    -4.8333333300e+00
     375     9.3749998750e-01    -4.6666666600e+00
     376     1.0624999837e+00    -4.4999999900e+00
     377     8.3333331875e-01    -4.3333333200e+00
     378     9.3749998125e-01    -4.1666666500e+00
     379     7.2916665000e-01    -3.9999999800e+00
     380     8.1249997875e-01    -3.8333333100e+00
     381     6.2499998125e-01    -3.6666666400e+00
     382     6.8749997625e-01    -3.4999999700e+00
     383     5.2083331250e-01    -3.3333333000e+00
     384     1.4583333188e+00    -5.0000000000e+00
     385     1.5833333150e+00    -4.8333333300e+00
     386     1.3124999825e+00    -4.6666666600e+00
     387     1.4166666450e+00    -4.4999999900e+00
     388     1.1666666463e+00    -4.3333333200e+00
     389     1.2499999750e+00    -4.1666666500e+00
     390     1.0208333100e+00    -3.9999999800e+00
     391     1.0833333050e+00    -3.8333333100e+00
     392     8.7499997375e-01    -3.6666666400e+00
     393     9.1666663500e-01    -3.4999999700e+00
     394     7.2916663750e-01    -3.3333333000e+00
     395     1.8749999812e+00    -5.0000000000e+00
     396     1.9791666437e+00    -4.8333333300e+00
     397     1.6874999775e+00    -4.6666666600e+00
     398     1.7708333063e+00    -4.4999999900e+00
     399     1.4999999738e+00    -4.3333333200e+00
     400     1.5624999687e+00    -4.1666666500e+00
     401     1.3124999700e+00    -3.9999999800e+00
     402     1.3541666313e+00    -3.8333333100e+00
     403     1.1249999662e+00    -3.6666666400e+00
     404     1.1458332938e+00    -3.4999999700e+00
     405     9.3749996250e-01    -3.3333333000e+00
     406     2.2916666437e+00    -5.0000000000e+00
     407     2.3749999725e+00    -4.8333333300e+00
     408     2.0624999725e+00    -4.6666666600e+00
     409     2.1249999675e+00    -4.4999999900e+00
     410     1.8333333012e+00    -4.3333333200e+00
     411     1.8749999625e+00    -4.1666666500e+00
     412     1.6041666300e+00    -3.9999999800e+00
     413     1.6249999575e+00    -3.8333333100e+00
     414     1.3749999588e+00    -3.6666666400e+00
     415     1.3749999525e+00    -3.4999999700e+00
     416     1.1458332875e+00    -3.3333333000e+00
     417     2.7083333062e+00    -5.0000000000e+00
     418     2.7708333012e+00    -4.8333333300e+00
     419     2.4374999675e+00    -4.6666666600e+00
     420     2.4791666287e+00    -4.4999999900e+00
     421     2.1666666287e+00    -4.3333333200e+00
     422     2.1874999562e+00    -4.1666666500e+00
     423     1.8958332900e+00    -3.9999999800e+00
     424     1.8958332838e+00    -3.8333333100e+00
     425     1.6249999513e+00    -3.6666666400e+00
     426     1.6041666113e+00    -3.4999999700e+00
     427     1.3541666125e+00    -3.3333333000e+00
     428     3.1249999688e+00    -5.0000000000e+00
     429     3.1666666300e+00    -4.8333333300e+00
     430     2.8124999625e+00    -4.6666666600e+00
     431     2.8333332900e+00    -4.4999999900e+00
     432     2.4999999562e+00    -4.3333333200e+00
     433     2.4999999500e+00    -4.1666666500e+00
     434     2.1874999500e+00    -3.9999999800e+00
     435     2.1666666100e+00    -3.8333333100e+00
     436     1.8749999438e+00    -3.6666666400e+00
     437     1.8333332700e+00    -3.4999999700e+00
     438     1.5624999375e+00    -3.3333333000e+00
     439     1.5624999375e+00    -1.6666666000e+00
     440     1.4583332750e+00    -1.7708332688e+00
     441     1.5624999375e+00    -1.8749999375e+00
     442     1.6666666000e+00    -1.7708332688e+00
     443     1.4583332750e+00    -1.9791666063e+00
     444     1.5624999375e+00    -2.0833332750e+00
     445     1.6666666000e+00    -1.9791666063e+00
     446     1.4583332750e+00    -2.1874999438e+00
     447     1.5624999375e+00    -2.2916666125e+00
     448     1.6666666000e+00    -2.1874999438e+00
     449     1.4583332750e+00    -2.3958332813e+00
     450     1.5624999375e+00    -2.4999999500e+00
     451     1.6666666000e+00    -2.3958332812e+00
     452     1.4583332750e+00    -2.6041666187e+00
     453     1.5624999375e+00    -2.7083332875e+00
     454     1.6666666000e+00    -2.6041666187e+00
     455     1.4583332750e+00    -2.8124999562e+00
     456     1.5624999375e+00    -2.9166666250e+00
     457     1.6666666000e+00    -2.8124999562e+00
     458     1.4583332750e+00    -3.0208332937e+00
     459     1.5624999375e+00    -3.1249999625e+00
     460     1.6666666000e+00    -3.0208332937e+00
     461     1.4583332750e+00    -3.2291666313e+00
     462     1.6666666000e+00    -3.2291666313e+00
     463     1.3541666125e+00    -1.6666666000e+00
     464     1.2499999500e+00    -1.7708332688e+00
     465     1.3541666125e+00    -1.8749999375e+00
     466     1.2499999500e+00    -1.9791666062e+00
     467     1.3541666125e+00    -2.0833332750e+00
     468     1.2499999500e+00    -2.1874999438e+00
     469     1.3541666125e+00    -2.2916666125e+00
     470     1.2499999500e+00    -2.3958332812e+00
     471     1.3541666125e+00    -2.4999999500e+00
     472     1.2499999500e+00    -2.6041666187e+00
     473     1.3541666125e+00    -2.7083332875e+00
     474     1.2499999500e+00    -2.8124999562e+00
     475     1.3541666125e+00    -2.9166666250e+00
     476     1.2499999500e+00    -3.0208332937e+00
     477     1.3541666125e+00    -3.1249999625e+00
     478     1.2499999500e+00    -3.2291666313e+00
     479     1.1458332875e+00    -1.6666666000e+00
     480     1.0416666250e+00    -1.7708332688e+00
     481     1.1458332875e+00    -1.8749999375e+00
     482     1.0416666250e+00    -1.9791666063e+00
     483     1.1458332875e+00    -2.0833332750e+00
     484     1.0416666250e+00    -2.1874999438e+00
     485     1.1458332875e+00    -2.2916666125e+00
     486     1.0416666250e+00    -2.3958332813e+00
     487     1.1458332875e+00    -2.4999999500e+00
     488     1.0416666250e+00    -2.6041666187e+00
     489     1.1458332875e+00    -2.7083332875e+00
     490     1.0416666250e+00    -2.8124999562e+00
     491     1.1458332875e+00    -2.9166666250e+00
     492     1.0416666250e+00    -3.0208332937e+00
     493     1.1458332875e+00    -3.1249999625e+00
     494     1.0416666250e+00    -3.2291666313e+00
     495     9.3749996250e-01    -1.6666666000e+00
     496     8.3333330000e-01    -1.7708332688e+00
     497     9.3749996250e-01    -1.8749999375e+00
     498     8.3333330000e-01    -1.9791666063e+00
     499     9.3749996250e-01    -2.0833332750e+00
     500     8.3333330000e-01    -2.1874999438e+00
     501     9.3749996250e-01    -2.2916666125e+00
     502     8.3333330000e-01    -2.3958332812e+00
     503     9.3749996250e-01    -2.4999999500e+00
     504     8.3333330000e-01    -2.6041666187e+00
     505     9.3749996250e-01    -2.7083332875e+00
     506     8.3333330000e-01    -2.8124999562e+00
     507     9.3749996250e-01    -2.9166666250e+00
     508     8.3333330000e-01    -3.0208332937e+00
     509     9.3749996250e-01    -3.1249999625e+00
     510     8.3333330000e-01    -3.2291666313e+00
     511     7.2916663750e-01    -1.6666666000e+00
     512     6.2499997500e-01    -1.7708332688e+00
     513     7.2916663750e-01    -1.8749999375e+00
     514     6.2499997500e-01    -1.9791666063e+00
     515     7.2916663750e-01    -2.0833332750e+00
     516     6.2499997500e-01    -2.1874999438e+00
     517     7.2916663750e-01    -2.2916666125e+00
     518     6.2499997500e-01    -2.3958332813e+00
     519     7.2916663750e-01    -2.4999999500e+00
     520     6.2499997500e-01    -2.6041666187e+00
     521     7.2916663750e-01    -2.7083332875e+00
     522     6.2499997500e-01    -2.8124999562e+00
     523     7.2916663750e-01    -2.9166666250e+00
     524     6.2499997500e-01    -3.0208332937e+00
     525     7.2916663750e-01    -3.1249999625e+00
     526     6.2499997500e-01    -3.2291666313e+00
     527     5.2083331250e-01    -1.6666666000e+00
     528     4.1666665000e-01    -1.7708332688e+00
     529     5.2083331250e-01    -1.8749999375e+00
     530     4.1666665000e-01    -1.9791666062e+00
     531     5.2083331250e-01    -2.0833332750e+00
     532     4.1666665000e-01    -2.1874999438e+00
     533     5.2083331250e-01    -2.2916666125e+00
     534     4.1666665000e-01    -2.3958332812e+00
     535     5.2083331250e-01    -2.4999999500e+00
     536     4.1666665000e-01    -2.6041666187e+00
     537     5.2083331250e-01    -2.7083332875e+00
     538     4.1666665000e-01    -2.8124999562e+00
     539     5.2083331250e-01    -2.9166666250e+00
     540     4.1666665000e-01    -3.0208332937e+00
     541     5.2083331250e-01    -3.1249999625e+00
     542     4.1666665000e-01    -3.2291666313e+00
     543     3.1249998750e-01    -1.6666666000e+00
     544     2.0833332500e-01    -1.7708332688e+00
     545     3.1249998750e-01    -1.8749999375e+00
     546     2.0833332500e-01    -1.9791666063e+00
     547     3.1249998750e-01    -2.0833332750e+00
     548     2.0833332500e-01    -2.1874999438e+00
     549     3.1249998750e-01    -2.2916666125e+00
     550     2.0833332500e-01    -2.3958332813e+00
     551     3.1249998750e-01    -2.4999999500e+00
     552     2.0833332500e-01    -2.6041666187e+00
     553     3.1249998750e-01    -2.7083332875e+00
     554     2.0833332500e-01    -2.8124999562e+00
     555     3.1249998750e-01    -2.9166666250e+00
     556     2.0833332500e-01    -3.0208332937e+00
     557     3.1249998750e-01    -3.1249999625e+00
     558     2.0833332500e-01    -3.2291666313e+00
     559     1.0416666250e-01    -1.6666666000e+00
     560     0.0000000000e+00    -1.7708332688e+00
     561     1.0416666250e-01    -1.8749999375e+00
     562     0.0000000000e+00    -1.9791666063e+00
     563     1.0416666250e-01    -2.0833332750e+00
     564     0.0000000000e+00    -2.1874999438e+00
     565     1.0416666250e-01    -2.2916666125e+00
     566     0.0000000000e+00    -2.3958332812e+00
     567     1.0416666250e-01    -2.4999999500e+00
     568     0.0000000000e+00    -2.6041666187e+00
     569     1.0416666250e-01    -2.7083332875e+00
     570     0.0000000000e+00    -2.8124999562e+00
     571     1.0416666250e-01    -2.9166666250e+00
     572     0.0000000000e+00    -3.0208332937e+00
     573     1.0416666250e-01    -3.1249999625e+00
     574     0.0000000000e+00    -3.2291666313e+00
     575     1.8333332700e+00    -1.7499999438e+00
     576     1.9999999400e+00    -1.4791666150e+00
     577     1.8333332700e+00    -1.4999999400e+00
     578     1.8333332700e+00    -1.9999999475e+00
     579     1.9999999400e+00    -1.7708332850e+00
     580     1.8333332700e+00    -2.2499999513e+00
     581     1.9999999400e+00    -2.0624999550e+00
     582     1.8333332700e+00    -2.4999999550e+00
     583     1.9999999400e+00    -2.3541666250e+00
     584     1.8333332700e+00    -2.7499999588e+00
     585     1.9999999400e+00    -2.6458332950e+00
     586     1.8333332700e+00    -2.9999999625e+00
     587     1.9999999400e+00    -2.9374999650e+00
     588     1.8333332700e+00    -3.2499999662e+00
     589     1.9999999400e+00    -3.2291666350e+00
     590     1.9999999400e+00    -3.5208333050e+00
     591     2.1666666100e+00    -1.4999999562e+00
     592     2.3333332800e+00    -1.1874999612e+00
     593     2.1666666100e+00    -1.1666666200e+00
     594     2.1666666100e+00    -1.8333332925e+00
     595     2.3333332800e+00    -1.5624999638e+00
     596     2.1666666100e+00    -2.1666666287e+00
     597     2.3333332800e+00    -1.9374999663e+00
     598     2.1666666100e+00    -2.4999999650e+00
     599     2.3333332800e+00    -2.3124999688e+00
     600     2.1666666100e+00    -2.8333333012e+00
     601     2.3333332800e+00    -2.6874999713e+00
     602     2.1666666100e+00    -3.1666666375e+00
     603     2.3333332800e+00    -3.0624999738e+00
     604     2.1666666100e+00    -3.4999999738e+00
     605     2.3333332800e+00    -3.4374999762e+00
     606     2.3333332800e+00    -3.8124999788e+00
     607     2.4999999500e+00    -1.2499999688e+00
     608     2.6666666200e+00    -8.9583330750e-01
     609     2.4999999500e+00    -8.3333330000e-01
     610     2.4999999500e+00    -1.6666666375e+00
     611     2.6666666200e+00    -1.3541666425e+00
     612     2.4999999500e+00    -2.0833333063e+00
     613     2.6666666200e+00    -1.8124999775e+00
     614     2.4999999500e+00    -2.4999999750e+00
     615     2.6666666200e+00    -2.2708333125e+00
     616     2.4999999500e+00    -2.9166666438e+00
     617     2.6666666200e+00    -2.7291666475e+00
     618     2.4999999500e+00    -3.3333333125e+00
     619     2.6666666200e+00    -3.1874999825e+00
     620     2.4999999500e+00    -3.7499999813e+00
     621     2.6666666200e+00    -3.6458333175e+00
     622     2.6666666200e+00    -4.1041666525e+00
     623     2.8333332900e+00    -9.9999998125e-01
     624     2.9999999600e+00    -6.0416665375e-01
     625     2.8333332900e+00    -4.9999998000e-01
     626     2.8333332900e+00    -1.4999999825e+00
     627     2.9999999600e+00    -1.1458333213e+00
     628     2.8333332900e+00    -1.9999999838e+00
     629     2.9999999600e+00    -1.6874999887e+00
     630     2.8333332900e+00    -2.4999999850e+00
     631     2.9999999600e+00    -2.2291666563e+00
     632     2.8333332900e+00    -2.9999999863e+00
     633     2.9999999600e+00    -2.7708333238e+00
     634     2.8333332900e+00    -3.4999999875e+00
     635     2.9999999600e+00    -3.3124999913e+00
     636     2.8333332900e+00    -3.9999999887e+00
     637     2.9999999600e+00    -3.8541666588e+00
     638     2.9999999600e+00    -4.3958333263e+00
     639     3.1666666300e+00    -7.4999999375e-01
     640     3.3333333000e+00    -3.1250000000e-01
     641     3.1666666300e+00    -1.6666666000e-01
     642     3.1666666300e+00    -1.3333333275e+00
     643     3.3333333000e+00    -9.3750000000e-01
     644     3.1666666300e+00    -1.9166666613e+00
     645     3.3333333000e+00    -1.5625000000e+00
     646     3.1666666300e+00    -2.4999999950e+00
     647     3.3333333000e+00    -2.1875000000e+00
     648     3.1666666300e+00    -3.0833333288e+00
     649     3.3333333000e+00    -2.8125000000e+00
     650     3.1666666300e+00    -3.6666666625e+00
     651     3.3333333000e+00    -3.4375000000e+00
     652     3.1666666300e+00    -4.2499999963e+00
     653     3.3333333000e+00    -4.0625000000e+00
     654     3.3333333000e+00    -4.6875000000e+00
     655     3.4470773834e+00    -5.0000000000e+00
     656     3.5608214668e+00    -4.6732819905e+00
     657     3.4470773834e+00    -4.3607819905e+00
     658     3.7314375919e+00    -5.0000000000e+00
     659     3.9020537171e+00    -4.6519549763e+00
     660     3.7314375919e+00    -4.3252369668e+00
     661     4.1579779047e+00    -5.0000000000e+00
     662     4.4139020924e+00    -4.6199644550e+00
     663     4.1579779047e+00    -4.2719194313e+00
     664     4.7977883739e+00    -5.0000000000e+00
     665     5.1816746555e+00    -4.5719786730e+00
     666     4.7977883739e+00    -4.1919431280e+00
     667     5.7575040777e+00    -5.0000000000e+00
     668     6.3333335000e+00    -4.5000000000e+00
     669     5.7575040777e+00    -4.0719786730e+00
     670     3.5608214668e+00    -4.0198459716e+00
     671     3.4470773834e+00    -3.7215639810e+00
     672     3.9020537171e+00    -3.9558649289e+00
     673     3.7314375919e+00    -3.6504739336e+00
     674     4.4139020924e+00    -3.8598933649e+00
     675     4.1579779047e+00    -3.5438388626e+00
     676     5.1816746555e+00    -3.7159360190e+00
     677     4.7977883739e+00    -3.3838862559e+00
     678     6.3333335000e+00    -3.5000000000e+00
     679     5.7575040777e+00    -3.1439573460e+00
     680     3.5608214668e+00    -3.3664099526e+00
     681     3.4470773834e+00    -3.0823459716e+00
     682     3.9020537171e+00    -3.2597748815e+00
     683     3.7314375919e+00    -2.9757109005e+00
     684     4.4139020924e+00    -3.0998222749e+00
     685     4.1579779047e+00    -2.8157582938e+00
     686     5.1816746555e+00    -2.8598933649e+00
     687     4.7977883739e+00    -2.5758293839e+00
     688     6.3333335000e+00    -2.5000000000e+00
     689     5.7575040777e+00    -2.2159360190e+00
     690     3.5608214668e+00    -2.7129739336e+00
     691     3.4470773834e+00    -2.4431279621e+00
     692     3.9020537171e+00    -2.5636848341e+00
     693     3.7314375919e+00    -2.3009478673e+00
     694     4.4139020924e+00    -2.3397511848e+00
     695     4.1579779047e+00    -2.0876777251e+00
     696     5.1816746555e+00    -2.0038507109e+00
     697     4.7977883739e+00    -1.7677725118e+00
     698     6.3333335000e+00    -1.5000000000e+00
     699     5.7575040777e+00    -1.2879146919e+00
     700     3.5608214668e+00    -2.0595379147e+00
     701     3.4470773834e+00    -1.8039099526e+00
     702     3.9020537171e+00    -1.8675947867e+00
     703     3.7314375919e+00    -1.6261848341e+00
     704     4.4139020924e+00    -1.5796800948e+00
     705     4.1579779047e+00    -1.3595971564e+00
     706     5.1816746555e+00    -1.1478080569e+00
     707     4.7977883739e+00    -9.5971563981e-01
     708     6.3333335000e+00    -5.0000000000e-01
     709     5.7575040777e+00    -3.5989336493e-01
     710     3.5608214668e+00    -1.4061018957e+00
     711     3.4470773834e+00    -1.1646919431e+00
     712     3.9020537171e+00    -1.1715047393e+00
     713     3.7314375919e+00    -9.5142180095e-01
     714     4.4139020924e+00    -8.1960900474e-01
     715     4.1579779047e+00    -6.3151658768e-01
     716     5.1816746555e+00    -2.9176540284e-01
     717     4.7977883739e+00    -1.5165876777e-01
     718     6.3333335000e+00     5.0000000000e-01
     719     5.7575040777e+00     5.6812796209e-01
     720     3.5608214668e+00    -7.5266587678e-01
     721     3.4470773834e+00    -5.2547393365e-01
     722     3.9020537171e+00    -4.7541469194e-01
     723     3.7314375919e+00    -2.7665876777e-01
     724     4.4139020924e+00    -5.9537914692e-02
     725     4.1579779047e+00     9.6563981043e-02
     726     5.1816746555e+00     5.6427725118e-01
     727     4.7977883739e+00     6.5639810427e-01
     728     6.3333335000e+00     1.5000000000e+00
     729     5.7575040777e+00     1.4961492891e+00
     730     3.5608214668e+00    -9.9229857820e-02
     731     3.4470773834e+00     1.1374407583e-01
     732     3.9020537171e+00     2.2067535545e-01
     733     3.7314375919e+00     3.9810426540e-01
     734     4.4139020924e+00     7.0053317536e-01
     735     4.1579779047e+00     8.2464454976e-01
     736     5.1816746555e+00     1.4203199052e+00
     737     4.7977883739e+00     1.4644549763e+00
     738     6.3333335000e+00     2.5000000000e+00
     739     5.7575040777e+00     2.4241706161e+00
     740     7.6529708205e+00    -5.0000000000e+00
     741     8.9726081411e+00    -4.5000000000e+00
     742     7.6529708205e+00    -4.0000000000e+00
     743     8.9726081411e+00    -3.5000000000e+00
     744     7.6529708205e+00    -3.0000000000e+00
     745     8.9726081411e+00    -2.5000000000e+00
     746     7.6529708205e+00    -2.0000000000e+00
     747     8.9726081411e+00    -1.5000000000e+00
     748     7.6529708205e+00    -1.0000000000e+00
     749     8.9726081411e+00    -5.0000000000e-01
     750     7.6529708205e+00    -4.4408920985e-16
     751     8.9726081411e+00     5.0000000000e-01
     752     7.6529708205e+00     1.0000000000e+00
     753     8.9726081411e+00     1.5000000000e+00
     754     7.6529708205e+00     2.0000000000e+00
     755     8.9726081411e+00     2.5000000000e+00
     756     7.6529708205e+00     3.0000000000e+00
     757     1.0688136658e+01    -5.0000000000e+00
     758     1.2403665175e+01    -4.5000000000e+00
     759     1.0688136658e+01    -4.0000000000e+00
     760     1.2403665175e+01    -3.5000000000e+00
     761     1.0688136658e+01    -3.0000000000e+00
     762     1.2403665175e+01    -2.5000000000e+00
     763     1.0688136658e+01    -2.0000000000e+00
     764     1.2403665175e+01    -1.5000000000e+00
     765     1.0688136658e+01    -1.0000000000e+00
     766     1.2403665175e+01    -5.0000000000e-01
     767     1.0688136658e+01    -6.6613381478e-16
     768     1.2403665175e+01     5.0000000000e-01
     769     1.0688136658e+01     1.0000000000e+00
     770     1.2403665175e+01     1.5000000000e+00
     771     1.0688136658e+01     2.0000000000e+00
     772     1.2403665175e+01     2.5000000000e+00
     773     1.0688136658e+01     3.0000000000e+00
     774     1.4633852246e+01    -5.0000000000e+00
     775     1.6864039318e+01    -4.5000000000e+00
     776     1.4633852246e+01    -4.0000000000e+00
     777     1.6864039318e+01    -3.5000000000e+00
     778     1.4633852246e+01    -3.0000000000e+00
     779     1.6864039318e+01    -2.5000000000e+00
     780     1.4633852246e+01    -2.0000000000e+00
     781     1.6864039318e+01    -1.5000000000e+00
     782     1.4633852246e+01    -1.0000000000e+00
     783     1.6864039318e+01    -5.0000000000e-01
     784     1.4633852246e+01    -6.6613381478e-16
     785     1.6864039318e+01     5.0000000000e-01
     786     1.4633852246e+01     1.0000000000e+00
     787     1.6864039318e+01     1.5000000000e+00
     788     1.4633852246e+01     2.0000000000e+00
     789     1.6864039318e+01     2.5000000000e+00
     790     1.4633852246e+01     3.0000000000e+00
     791     1.9763282511e+01    -5.0000000000e+00
     792     2.2662525704e+01    -4.5000000000e+00
     793     1.9763282511e+01    -4.0000000000e+00
     794     2.2662525704e+01    -3.5000000000e+00
     795     1.9763282511e+01    -3.0000000000e+00
     796     2.2662525704e+01    -2.5000000000e+00
     797     1.9763282511e+01    -2.0000000000e+00
     798     2.2662525704e+01    -1.5000000000e+00
     799     1.9763282511e+01    -1.0000000000e+00
     800     2.2662525704e+01    -5.0000000000e-01
     801     1.9763282511e+01    -4.4408920985e-16
     802     2.2662525704e+01     5.0000000000e-01
     803     1.9763282511e+01     1.0000000000e+00
     804     2.2662525704e+01     1.5000000000e+00
     805     1.9763282511e+01     2.0000000000e+00
     806     2.2662525704e+01     2.5000000000e+00
     807     1.9763282511e+01     3.0000000000e+00
     808     2.6431541856e+01    -5.0000000000e+00
     809     3.0200558007e+01    -4.5000000000e+00
     810     2.6431541856e+01    -4.0000000000e+00
     811     3.0200558007e+01    -3.5000000000e+00
     812     2.6431541856e+01    -3.0000000000e+00
     813     3.0200558007e+01    -2.5000000000e+00
     814     2.6431541856e+01    -2.0000000000e+00
     815     3.0200558007e+01    -1.5000000000e+00
     816     2.6431541856e+01    -1.0000000000e+00
     817     3.0200558007e+01    -5.0000000000e-01
     818     2.6431541856e+01    -4.4408920985e-16
     819     3.0200558007e+01     5.0000000000e-01
     820     2.6431541856e+01     1.0000000000e+00
     821     3.0200558007e+01     1.5000000000e+00
     822     2.6431541856e+01     2.0000000000e+00
     823     3.0200558007e+01     2.5000000000e+00
     824     2.6431541856e+01     3.0000000000e+00
     825     3.5100279003e+01    -5.0000000000e+00
     826     4.0000000000e+01    -4.5000000000e+00
     827     3.5100279003e+01    -4.0000000000e+00
     828     4.0000000000e+01    -3.5000000000e+00
     829     3.5100279003e+01    -3.0000000000e+00
     830     4.0000000000e+01    -2.5000000000e+00
     831     3.5100279003e+01    -2.0000000000e+00
     832     4.0000000000e+01    -1.5000000000e+00
     833     3.5100279003e+01    -1.0000000000e+00
     834     4.0000000000e+01    -5.0000000000e-01
     835     3.5100279003e+01    -6.6613381478e-16
     836     4.0000000000e+01     5.0000000000e-01
     837     3.5100279003e+01     1.0000000000e+00
     838     4.0000000000e+01     1.5000000000e+00
     839     3.5100279003e+01     2.0000000000e+00
     840     4.0000000000e+01     2.5000000000e+00
     841     3.5100279003e+01     3.0000000000e+00
     842     2.2916665875e-01    -1.4999999400e+00
     843     1.2499999625e-01    -1.3333332800e+00
     844     0.0000000000e+00    -1.4999999400e+00
     845     2.7083332625e-01    -1.1666666200e+00
     846     1.4583333000e-01    -9.9999996000e-01
     847     0.0000000000e+00    -1.1666666200e+00
     848     3.1249999375e-01    -8.3333330000e-01
     849     1.6666666375e-01    -6.6666664000e-01
     850     0.0000000000e+00    -8.3333330000e-01
     851     3.5416666125e-01    -4.9999998000e-01
     852     1.8749999750e-01    -3.3333332000e-01
     853     0.0000000000e+00    -4.9999998000e-01
     854     3.9583332875e-01    -1.6666666000e-01
     855     2.0833333125e-01     0.0000000000e+00
     856     0.0000000000e+00    -1.6666666000e-01
     857     4.5833331750e-01    -1.4999999400e+00
     858     3.7499998875e-01    -1.3333332800e+00
     859     5.4166665250e-01    -1.1666666200e+00
     860     4.3749999000e-01    -9.9999996000e-01
     861     6.2499998750e-01    -8.3333330000e-01
     862     4.9999999125e-01    -6.6666664000e-01
     863     7.0833332250e-01    -4.9999998000e-01
     864     5.6249999250e-01    -3.3333332000e-01
     865     7.9166665750e-01    -1.6666666000e-01
     866     6.2499999375e-01     0.0000000000e+00
     867     6.8749997625e-01    -1.4999999400e+00
     868     6.2499998125e-01    -1.3333332800e+00
     869     8.1249997875e-01    -1.1666666200e+00
     870     7.2916665000e-01    -9.9999996000e-01
     871     9.3749998125e-01    -8.3333330000e-01
     872     8.3333331875e-01    -6.6666664000e-01
     873     1.0624999838e+00    -4.9999998000e-01
     874     9.3749998750e-01    -3.3333332000e-01
     875     1.1874999863e+00    -1.6666666000e-01
     876     1.0416666562e+00     0.0000000000e+00
     877     9.1666663500e-01    -1.4999999400e+00
     878     8.7499997375e-01    -1.3333332800e+00
     879     1.0833333050e+00    -1.1666666200e+00
     880     1.0208333100e+00    -9.9999996000e-01
     881     1.2499999750e+00    -8.3333330000e-01
     882     1.1666666463e+00    -6.6666664000e-01
     883     1.4166666450e+00    -4.9999998000e-01
     884     1.3124999825e+00    -3.3333332000e-01
     885     1.5833333150e+00    -1.6666666000e-01
     886     1.4583333188e+00     0.0000000000e+00
     887     1.1458332938e+00    -1.4999999400e+00
     888     1.1249999662e+00    -1.3333332800e+00
     889     1.3541666313e+00    -1.1666666200e+00
     890     1.3124999700e+00    -9.9999996000e-01
     891     1.5624999687e+00    -8.3333330000e-01
     892     1.4999999737e+00    -6.6666664000e-01
     893     1.7708333063e+00    -4.9999998000e-01
     894     1.6874999775e+00    -3.3333332000e-01
     895     1.9791666437e+00    -1.6666666000e-01
     896     1.8749999812e+00     0.0000000000e+00
     897     1.3749999525e+00    -1.4999999400e+00
     898     1.3749999587e+00    -1.3333332800e+00
     899     1.6249999575e+00    -1.1666666200e+00
     900     1.6041666300e+00    -9.9999996000e-01
     901     1.8749999625e+00    -8.3333330000e-01
     902     1.8333333012e+00    -6.6666664000e-01
     903     2.1249999675e+00    -4.9999998000e-01
     904     2.0624999725e+00    -3.3333332000e-01
     905     2.3749999725e+00    -1.6666666000e-01
     906     2.2916666437e+00     0.0000000000e+00
     907     1.6041666113e+00    -1.4999999400e+00
     908     1.6249999513e+00    -1.3333332800e+00
     909     1.8958332838e+00    -1.1666666200e+00
     910     1.8958332900e+00    -9.9999996000e-01
     911     2.1874999562e+00    -8.3333330000e-01
     912     2.1666666287e+00    -6.6666664000e-01
     913     2.4791666287e+00    -4.9999998000e-01
     914     2.4374999675e+00    -3.3333332000e-01
     915     2.7708333012e+00    -1.6666666000e-01
     916     2.7083333062e+00     0.0000000000e+00
     917     1.8749999437e+00    -1.3333332800e+00
     918     2.1874999500e+00    -9.9999996000e-01
     919     2.4999999562e+00    -6.6666664000e-01
     920     2.8124999625e+00    -3.3333332000e-01
     921     3.1249999688e+00     0.0000000000e+00
     922     5.3041073928e-01     1.1374407583e-01
     923     4.3582148386e-01     2.2748815166e-01
     924     1.1374407583e-01     1.1374407583e-01
     925     8.1477093122e-01     3.9810426540e-01
     926     7.7705371277e-01     5.6872037915e-01
     927     3.9810426540e-01     3.9810426540e-01
     928     1.2413112191e+00     8.2464454976e-01
     929     1.2889020561e+00     1.0805687204e+00
     930     8.2464454976e-01     8.2464454976e-01
     931     1.8811216510e+00     1.4644549763e+00
     932     2.0566745712e+00     1.8483412322e+00
     933     1.4644549763e+00     1.4644549763e+00
     934     2.8408372988e+00     2.4241706161e+00
     935     3.2083333438e+00     3.0000000000e+00
     936     2.4241706161e+00     2.4241706161e+00
     937     9.4707740273e-01     1.1374407583e-01
     938     8.5248814825e-01     2.2748815166e-01
     939     1.2314375970e+00     3.9810426540e-01
     940     1.1937203800e+00     5.6872037915e-01
     941     1.6579778885e+00     8.2464454976e-01
     942     1.7055687276e+00     1.0805687204e+00
     943     2.2977883257e+00     1.4644549763e+00
     944     2.4733412491e+00     1.8483412322e+00
     945     3.2575039815e+00     2.4241706161e+00
     946     3.6250000312e+00     3.0000000000e+00
     947     1.3637440662e+00     1.1374407583e-01
     948     1.2691548126e+00     2.2748815166e-01
     949     1.6481042629e+00     3.9810426540e-01
     950     1.6103870472e+00     5.6872037915e-01
     951     2.0746445579e+00     8.2464454976e-01
     952     2.1222353991e+00     1.0805687204e+00
     953     2.7144550004e+00     1.4644549763e+00
     954     2.8900079270e+00     1.8483412322e+00
     955     3.6741706642e+00     2.4241706161e+00
     956     4.0416667188e+00     3.0000000000e+00
     957     1.7804107296e+00     1.1374407583e-01
     958     1.6858214770e+00     2.2748815166e-01
     959     2.0647709287e+00     3.9810426540e-01
     960     2.0270537145e+00     5.6872037915e-01
     961     2.4913112273e+00     8.2464454976e-01
     962     2.5389020706e+00     1.0805687204e+00
     963     3.1311216751e+00     1.4644549763e+00
     964     3.3066746049e+00     1.8483412322e+00
     965     4.0908373469e+00     2.4241706161e+00
     966     4.4583334063e+00     3.0000000000e+00
     967     2.1970773931e+00     1.1374407583e-01
     968     2.1024881414e+00     2.2748815166e-01
     969     2.4814375945e+00     3.9810426540e-01
     970     2.4437203817e+00     5.6872037915e-01
     971     2.9079778966e+00     8.2464454976e-01
     972     2.9555687422e+00     1.0805687204e+00
     973     3.5477883498e+00     1.4644549763e+00
     974     3.7233412828e+00     1.8483412322e+00
     975     4.5075040296e+00     2.4241706161e+00
     976     4.8750000937e+00     3.0000000000e+00
     977     2.6137440565e+00     1.1374407583e-01
     978     2.5191548058e+00     2.2748815166e-01
     979     2.8981042603e+00     3.9810426540e-01
     980     2.8603870490e+00     5.6872037915e-01
     981     3.3246445660e+00     8.2464454976e-01
     982     3.3722354137e+00     1.0805687204e+00
     983     3.9644550245e+00     1.4644549763e+00
     984     4.1400079607e+00     1.8483412322e+00
     985     4.9241707123e+00     2.4241706161e+00
     986     5.2916667813e+00     3.0000000000e+00
     987     3.0304107200e+00     1.1374407583e-01
     988     2.9358214702e+00     2.2748815166e-01
     989     3.3147709261e+00     3.9810426540e-01
     990     3.2770537162e+00     5.6872037915e-01
     991     3.7413112354e+00     8.2464454976e-01
     992     3.7889020852e+00     1.0805687204e+00
     993     4.3811216992e+00     1.4644549763e+00
     994     4.5566746386e+00     1.8483412322e+00
     995     5.3408373950e+00     2.4241706161e+00
     996     5.7083334688e+00     3.0000000000e+00
     997     3.3524881346e+00     2.2748815166e-01
     998     3.6937203834e+00     5.6872037915e-01
     999     4.2055687567e+00     1.0805687204e+00
    1000     4.9733413165e+00     1.8483412322e+00
    1001     6.1250001562e+00     3.0000000000e+00

MATERIALS 1
  1 TRESCA
     0.0
     210.0  0.3
       2
       0.000     0.24
       1.000     0.24

NODES_WITH_PRESCRIBED_DISPLACEMENTS 37
       1     11   0.000  0.000  0.000
       2     10   0.000  0.000  0.000
      11     10   0.000  0.000  0.000
      12     10   0.000  0.000  0.000
      14     10   0.000  0.000  0.000
      15     10   0.000  0.000  0.000
      16     10   0.000  0.000  0.000
      17     10   0.000  0.000  0.000
      78     10   0.000  0.000  0.000
      79     10   0.000  0.000  0.000
      80     10   0.000  0.000  0.000
      81     10   0.000  0.000  0.000
      82     10   0.000  0.000  0.000
      83     10   0.000  0.000  0.000
      84     10   0.000  0.000  0.000
      85     10   0.000  0.000  0.000
      86     10   0.000  0.000  0.000
      87     10   0.000  0.000  0.000
      88     10   0.000  0.000  0.000
     349     10   0.000  0.000  0.000
     352     10   0.000  0.000  0.000
     355     10   0.000  0.000  0.000
     358     10   0.000  0.000  0.000
     361     10   0.000  0.000  0.000
     560     10   0.000  0.000  0.000
     562     10   0.000  0.000  0.000
     564     10   0.000  0.000  0.000
     566     10   0.000  0.000  0.000
     568     10   0.000  0.000  0.000
     570     10   0.000  0.000  0.000
     572     10   0.000  0.000  0.000
     574     10   0.000  0.000  0.000
     844     10   0.000  0.000  0.000
     847     10   0.000  0.000  0.000
     850     10   0.000  0.000  0.000
     853     10   0.000  0.000  0.000
     856     10   0.000  0.000  0.000

LOADINGS  POINT
POINT_LOADS 2
       9       0.375 0.00
      10      -0.375 0.00

INCREMENTS 13
 0.1       0.10000E-06    11  1 1 0 1 0
 0.1       0.10000E-06    11  1 1 0 1 0
 0.1       0.10000E-06    11  1 1 0 1 0
 0.1       0.10000E-06    11  1 1 0 1 0
 0.1       0.10000E-06    11  1 1 0 1 0
 0.1       0.10000E-06    11  1 1 0 1 0
 0.02      0.10000E-06    11  1 1 0 1 0
 0.01      0.10000E-06    11  1 1 0 1 0
 0.00125   0.10000E-06    11  1 1 0 1 0
 0.00125   0.10000E-06    11  1 1 0 1 0
 0.00125   0.10000E-06    11  1 1 0 1 0
 0.000625  0.10000E-06    11  1 1 0 1 0
 0.000625  0.10000E-06    11  1 1 0 1 0
