TITLE
Example 8.4.5 - Slope stability

ANALYSIS_TYPE     2 (Plane strain)

LARGE_STRAIN_FORMULATION   OFF

SOLUTION_ALGORITHM  2

ELEMENT_GROUPS 1
  1 1 1

ELEMENT_TYPES 1
  1  QUAD_8
       4 GP

ELEMENTS 221
       1 1    1   250    63   251    96   252    12   253
       2 1   12   252    96   254    95   255     2   256
       3 1   63   257    62   258    97   259    96   251
       4 1   96   259    97   260    94   261    95   254
       5 1   62   262    11   263    61   264    97   258
       6 1   97   264    61   265    10   266    94   260
       7 1    2   255    95   267    98   268    13   269
       8 1   13   268    98   270    99   271    14   272
       9 1   14   271    99   273   100   274    15   275
      10 1   15   274   100   276   101   277    16   278
      11 1   16   277   101   279   102   280    17   281
      12 1   17   280   102   282   103   283    18   284
      13 1   18   283   103   285   104   286    19   287
      14 1   19   286   104   288   105   289    20   290
      15 1   20   289   105   291   106   292    21   293
      16 1   21   292   106   294   107   295    22   296
      17 1   22   295   107   297    23   298     3   299
      18 1   95   261    94   300   108   301    98   267
      19 1   98   301   108   302   109   303    99   270
      20 1   99   303   109   304   110   305   100   273
      21 1  100   305   110   306   111   307   101   276
      22 1  101   307   111   308   112   309   102   279
      23 1  102   309   112   310   113   311   103   282
      24 1  103   311   113   312   114   313   104   285
      25 1  104   313   114   314   115   315   105   288
      26 1  105   315   115   316   116   317   106   291
      27 1  106   317   116   318   117   319   107   294
      28 1  107   319   117   320    24   321    23   297
      29 1   94   266    10   322    84   323   108   300
      30 1  108   323    84   324    85   325   109   302
      31 1  109   325    85   326    86   327   110   304
      32 1  110   327    86   328    87   329   111   306
      33 1  111   329    87   330    88   331   112   308
      34 1  112   331    88   332    89   333   113   310
      35 1  113   333    89   334    90   335   114   312
      36 1  114   335    90   336    91   337   115   314
      37 1  115   337    91   338    92   339   116   316
      38 1  116   339    92   340    93   341   117   318
      39 1  117   341    93   342     4   343    24   320
      40 1    4   342    93   344   118   345    25   346
      41 1   25   345   118   347   119   348    26   349
      42 1   26   348   119   350   120   351    27   352
      43 1   27   351   120   353   121   354    28   355
      44 1   28   354   121   356   122   357    29   358
      45 1   29   357   122   359   123   360    30   361
      46 1   30   360   123   362   124   363    31   364
      47 1   31   363   124   365   125   366    32   367
      48 1   32   366   125   368   126   369    33   370
      49 1   33   369   126   371   127   372    34   373
      50 1   34   372   127   374    35   375     5   376
      51 1   93   340    92   377   128   378   118   344
      52 1  118   378   128   379   129   380   119   347
      53 1  119   380   129   381   130   382   120   350
      54 1  120   382   130   383   131   384   121   353
      55 1  121   384   131   385   132   386   122   356
      56 1  122   386   132   387   133   388   123   359
      57 1  123   388   133   389   134   390   124   362
      58 1  124   390   134   391   135   392   125   365
      59 1  125   392   135   393   136   394   126   368
      60 1  126   394   136   395   137   396   127   371
      61 1  127   396   137   397    36   398    35   374
      62 1   92   338    91   399   138   400   128   377
      63 1  128   400   138   401   139   402   129   379
      64 1  129   402   139   403   140   404   130   381
      65 1  130   404   140   405   141   406   131   383
      66 1  131   406   141   407   142   408   132   385
      67 1  132   408   142   409   143   410   133   387
      68 1  133   410   143   411   144   412   134   389
      69 1  134   412   144   413   145   414   135   391
      70 1  135   414   145   415   146   416   136   393
      71 1  136   416   146   417   147   418   137   395
      72 1  137   418   147   419    37   420    36   397
      73 1   91   336    90   421   148   422   138   399
      74 1  138   422   148   423   149   424   139   401
      75 1  139   424   149   425   150   426   140   403
      76 1  140   426   150   427   151   428   141   405
      77 1  141   428   151   429   152   430   142   407
      78 1  142   430   152   431   153   432   143   409
      79 1  143   432   153   433   154   434   144   411
      80 1  144   434   154   435   155   436   145   413
      81 1  145   436   155   437   156   438   146   415
      82 1  146   438   156   439   157   440   147   417
      83 1  147   440   157   441    38   442    37   419
      84 1   90   334    89   443   158   444   148   421
      85 1  148   444   158   445   159   446   149   423
      86 1  149   446   159   447   160   448   150   425
      87 1  150   448   160   449   161   450   151   427
      88 1  151   450   161   451   162   452   152   429
      89 1  152   452   162   453   163   454   153   431
      90 1  153   454   163   455   164   456   154   433
      91 1  154   456   164   457   165   458   155   435
      92 1  155   458   165   459   166   460   156   437
      93 1  156   460   166   461   167   462   157   439
      94 1  157   462   167   463    39   464    38   441
      95 1   89   332    88   465   168   466   158   443
      96 1  158   466   168   467   169   468   159   445
      97 1  159   468   169   469   170   470   160   447
      98 1  160   470   170   471   171   472   161   449
      99 1  161   472   171   473   172   474   162   451
     100 1  162   474   172   475   173   476   163   453
     101 1  163   476   173   477   174   478   164   455
     102 1  164   478   174   479   175   480   165   457
     103 1  165   480   175   481   176   482   166   459
     104 1  166   482   176   483   177   484   167   461
     105 1  167   484   177   485    40   486    39   463
     106 1   88   330    87   487   178   488   168   465
     107 1  168   488   178   489   179   490   169   467
     108 1  169   490   179   491   180   492   170   469
     109 1  170   492   180   493   181   494   171   471
     110 1  171   494   181   495   182   496   172   473
     111 1  172   496   182   497   183   498   173   475
     112 1  173   498   183   499   184   500   174   477
     113 1  174   500   184   501   185   502   175   479
     114 1  175   502   185   503   186   504   176   481
     115 1  176   504   186   505   187   506   177   483
     116 1  177   506   187   507    41   508    40   485
     117 1   87   328    86   509   188   510   178   487
     118 1  178   510   188   511   189   512   179   489
     119 1  179   512   189   513   190   514   180   491
     120 1  180   514   190   515   191   516   181   493
     121 1  181   516   191   517   192   518   182   495
     122 1  182   518   192   519   193   520   183   497
     123 1  183   520   193   521   194   522   184   499
     124 1  184   522   194   523   195   524   185   501
     125 1  185   524   195   525   196   526   186   503
     126 1  186   526   196   527   197   528   187   505
     127 1  187   528   197   529    42   530    41   507
     128 1   86   326    85   531   198   532   188   509
     129 1  188   532   198   533   199   534   189   511
     130 1  189   534   199   535   200   536   190   513
     131 1  190   536   200   537   201   538   191   515
     132 1  191   538   201   539   202   540   192   517
     133 1  192   540   202   541   203   542   193   519
     134 1  193   542   203   543   204   544   194   521
     135 1  194   544   204   545   205   546   195   523
     136 1  195   546   205   547   206   548   196   525
     137 1  196   548   206   549   207   550   197   527
     138 1  197   550   207   551    43   552    42   529
     139 1   85   324    84   553   208   554   198   531
     140 1  198   554   208   555   209   556   199   533
     141 1  199   556   209   557   210   558   200   535
     142 1  200   558   210   559   211   560   201   537
     143 1  201   560   211   561   212   562   202   539
     144 1  202   562   212   563   213   564   203   541
     145 1  203   564   213   565   214   566   204   543
     146 1  204   566   214   567   215   568   205   545
     147 1  205   568   215   569   216   570   206   547
     148 1  206   570   216   571   217   572   207   549
     149 1  207   572   217   573    44   574    43   551
     150 1   84   322    10   575    60   576   208   553
     151 1  208   576    60   577    59   578   209   555
     152 1  209   578    59   579    58   580   210   557
     153 1  210   580    58   581    57   582   211   559
     154 1  211   582    57   583    56   584   212   561
     155 1  212   584    56   585    55   586   213   563
     156 1  213   586    55   587    54   588   214   565
     157 1  214   588    54   589    53   590   215   567
     158 1  215   590    53   591    52   592   216   569
     159 1  216   592    52   593    51   594   217   571
     160 1  217   594    51   595     6   596    44   573
     161 1    6   597    50   598   218   599    45   600
     162 1   45   599   218   601   219   602    46   603
     163 1   46   602   219   604    47   605     7   606
     164 1   50   607     9   608    49   609   218   598
     165 1  218   609    49   610    48   611   219   601
     166 1  219   611    48   612     8   613    47   604
     167 1    8   612    48   614   220   615    73   616
     168 1   48   610    49   617   221   618   220   614
     169 1   49   608     9   619    83   620   221   617
     170 1   73   615   220   621   222   622    72   623
     171 1  220   618   221   624   223   625   222   621
     172 1  221   620    83   626    82   627   223   624
     173 1   72   622   222   628   224   629    71   630
     174 1  222   625   223   631   225   632   224   628
     175 1  223   627    82   633    81   634   225   631
     176 1   71   629   224   635   226   636    70   637
     177 1  224   632   225   638   227   639   226   635
     178 1  225   634    81   640    80   641   227   638
     179 1   70   636   226   642   228   643    69   644
     180 1  226   639   227   645   229   646   228   642
     181 1  227   641    80   647    79   648   229   645
     182 1   69   643   228   649   230   650    68   651
     183 1  228   646   229   652   231   653   230   649
     184 1  229   648    79   654    78   655   231   652
     185 1   68   650   230   656   232   657    67   658
     186 1  230   653   231   659   233   660   232   656
     187 1  231   655    78   661    77   662   233   659
     188 1   67   657   232   663   234   664    66   665
     189 1  232   660   233   666   235   667   234   663
     190 1  233   662    77   668    76   669   235   666
     191 1   66   664   234   670   236   671    65   672
     192 1  234   667   235   673   237   674   236   670
     193 1  235   669    76   675    75   676   237   673
     194 1   65   671   236   677   238   678    64   679
     195 1  236   674   237   680   239   681   238   677
     196 1  237   676    75   682    74   683   239   680
     197 1   64   678   238   684    63   250     1   685
     198 1  238   681   239   686    62   257    63   684
     199 1  239   683    74   687    11   262    62   686
     200 1    9   607    50   688   240   689    83   619
     201 1   50   597     6   595    51   690   240   688
     202 1   83   689   240   691   241   692    82   626
     203 1  240   690    51   593    52   693   241   691
     204 1   82   692   241   694   242   695    81   633
     205 1  241   693    52   591    53   696   242   694
     206 1   81   695   242   697   243   698    80   640
     207 1  242   696    53   589    54   699   243   697
     208 1   80   698   243   700   244   701    79   647
     209 1  243   699    54   587    55   702   244   700
     210 1   79   701   244   703   245   704    78   654
     211 1  244   702    55   585    56   705   245   703
     212 1   78   704   245   706   246   707    77   661
     213 1  245   705    56   583    57   708   246   706
     214 1   77   707   246   709   247   710    76   668
     215 1  246   708    57   581    58   711   247   709
     216 1   76   710   247   712   248   713    75   675
     217 1  247   711    58   579    59   714   248   712
     218 1   75   713   248   715   249   716    74   682
     219 1  248   714    59   577    60   717   249   715
     220 1   74   716   249   718    61   263    11   687
     221 1  249   717    60   575    10   265    61   718

NODE_COORDINATES 718 CARTESIAN
       1     0.0000000000e+00     0.0000000000e+00
       2     0.0000000000e+00     7.5000000000e+00
       3     0.0000000000e+00     4.0000000000e+01
       4     2.8000000000e+01     4.0000000000e+01
       5     3.5000000000e+01     4.0000000000e+01
       6     4.5000000000e+01     3.0000000000e+01
       7     7.5000000000e+01     3.0000000000e+01
       8     7.5000000000e+01     0.0000000000e+00
       9     4.5000000000e+01     2.7692308000e+01
      10     2.8000000000e+01     3.0000000000e+01
      11     2.8000000000e+01     2.7692308000e+01
      12     0.0000000000e+00     3.7500000000e+00
      13     0.0000000000e+00     1.0454545455e+01
      14     0.0000000000e+00     1.3409090909e+01
      15     0.0000000000e+00     1.6363636364e+01
      16     0.0000000000e+00     1.9318181818e+01
      17     0.0000000000e+00     2.2272727273e+01
      18     0.0000000000e+00     2.5227272727e+01
      19     0.0000000000e+00     2.8181818182e+01
      20     0.0000000000e+00     3.1136363636e+01
      21     0.0000000000e+00     3.4090909091e+01
      22     0.0000000000e+00     3.7045454545e+01
      23     1.7948717949e+01     4.0000000000e+01
      24     2.5128205128e+01     4.0000000000e+01
      25     2.8636363636e+01     4.0000000000e+01
      26     2.9272727273e+01     4.0000000000e+01
      27     2.9909090909e+01     4.0000000000e+01
      28     3.0545454545e+01     4.0000000000e+01
      29     3.1181818182e+01     4.0000000000e+01
      30     3.1818181818e+01     4.0000000000e+01
      31     3.2454545455e+01     4.0000000000e+01
      32     3.3090909091e+01     4.0000000000e+01
      33     3.3727272727e+01     4.0000000000e+01
      34     3.4363636364e+01     4.0000000000e+01
      35     3.5909090909e+01     3.9090909091e+01
      36     3.6818181818e+01     3.8181818182e+01
      37     3.7727272727e+01     3.7272727273e+01
      38     3.8636363636e+01     3.6363636364e+01
      39     3.9545454545e+01     3.5454545455e+01
      40     4.0454545455e+01     3.4545454545e+01
      41     4.1363636364e+01     3.3636363636e+01
      42     4.2272727273e+01     3.2727272727e+01
      43     4.3181818182e+01     3.1818181818e+01
      44     4.4090909091e+01     3.0909090909e+01
      45     4.8076923077e+01     3.0000000000e+01
      46     5.5769230769e+01     3.0000000000e+01
      47     7.5000000000e+01     1.5000000000e+01
      48     5.5769230769e+01     1.7751479487e+01
      49     4.8076923077e+01     2.4852071282e+01
      50     4.5000000000e+01     2.8846154000e+01
      51     4.3454545455e+01     3.0000000000e+01
      52     4.1909090909e+01     3.0000000000e+01
      53     4.0363636364e+01     3.0000000000e+01
      54     3.8818181818e+01     3.0000000000e+01
      55     3.7272727273e+01     3.0000000000e+01
      56     3.5727272727e+01     3.0000000000e+01
      57     3.4181818182e+01     3.0000000000e+01
      58     3.2636363636e+01     3.0000000000e+01
      59     3.1090909091e+01     3.0000000000e+01
      60     2.9545454545e+01     3.0000000000e+01
      61     2.8000000000e+01     2.8846154000e+01
      62     2.5128205128e+01     2.4852071282e+01
      63     1.7948717949e+01     1.7751479487e+01
      64     6.8181818182e+00     0.0000000000e+00
      65     1.3636363636e+01    -3.5527136788e-15
      66     2.0454545455e+01     0.0000000000e+00
      67     2.7272727273e+01     3.5527136788e-15
      68     3.4090909091e+01     0.0000000000e+00
      69     4.0909090909e+01     0.0000000000e+00
      70     4.7727272727e+01     0.0000000000e+00
      71     5.4545454545e+01     3.5527136788e-15
      72     6.1363636364e+01     0.0000000000e+00
      73     6.8181818182e+01     0.0000000000e+00
      74     2.9545454545e+01     2.7692308000e+01
      75     3.1090909091e+01     2.7692308000e+01
      76     3.2636363636e+01     2.7692308000e+01
      77     3.4181818182e+01     2.7692308000e+01
      78     3.5727272727e+01     2.7692308000e+01
      79     3.7272727273e+01     2.7692308000e+01
      80     3.8818181818e+01     2.7692308000e+01
      81     4.0363636364e+01     2.7692308000e+01
      82     4.1909090909e+01     2.7692308000e+01
      83     4.3454545455e+01     2.7692308000e+01
      84     2.8000000000e+01     3.0909090909e+01
      85     2.8000000000e+01     3.1818181818e+01
      86     2.8000000000e+01     3.2727272727e+01
      87     2.8000000000e+01     3.3636363636e+01
      88     2.8000000000e+01     3.4545454545e+01
      89     2.8000000000e+01     3.5454545455e+01
      90     2.8000000000e+01     3.6363636364e+01
      91     2.8000000000e+01     3.7272727273e+01
      92     2.8000000000e+01     3.8181818182e+01
      93     2.8000000000e+01     3.9090909091e+01
      94     2.5128205128e+01     2.7692307692e+01
      95     1.7948717949e+01     2.1923076923e+01
      96     1.7948717949e+01     1.9837278205e+01
      97     2.5128205128e+01     2.6272189487e+01
      98     1.7948717949e+01     2.3566433566e+01
      99     1.7948717949e+01     2.5209790210e+01
     100     1.7948717949e+01     2.6853146853e+01
     101     1.7948717949e+01     2.8496503497e+01
     102     1.7948717949e+01     3.0139860140e+01
     103     1.7948717949e+01     3.1783216783e+01
     104     1.7948717949e+01     3.3426573427e+01
     105     1.7948717949e+01     3.5069930070e+01
     106     1.7948717949e+01     3.6713286713e+01
     107     1.7948717949e+01     3.8356643357e+01
     108     2.5128205128e+01     2.8811188811e+01
     109     2.5128205128e+01     2.9930069930e+01
     110     2.5128205128e+01     3.1048951049e+01
     111     2.5128205128e+01     3.2167832168e+01
     112     2.5128205128e+01     3.3286713287e+01
     113     2.5128205128e+01     3.4405594406e+01
     114     2.5128205128e+01     3.5524475524e+01
     115     2.5128205128e+01     3.6643356643e+01
     116     2.5128205128e+01     3.7762237762e+01
     117     2.5128205128e+01     3.8881118881e+01
     118     2.8719008264e+01     3.9090909091e+01
     119     2.9438016529e+01     3.9090909091e+01
     120     3.0157024793e+01     3.9090909091e+01
     121     3.0876033058e+01     3.9090909091e+01
     122     3.1595041322e+01     3.9090909091e+01
     123     3.2314049587e+01     3.9090909091e+01
     124     3.3033057851e+01     3.9090909091e+01
     125     3.3752066116e+01     3.9090909091e+01
     126     3.4471074380e+01     3.9090909091e+01
     127     3.5190082645e+01     3.9090909091e+01
     128     2.8801652893e+01     3.8181818182e+01
     129     2.9603305785e+01     3.8181818182e+01
     130     3.0404958678e+01     3.8181818182e+01
     131     3.1206611570e+01     3.8181818182e+01
     132     3.2008264463e+01     3.8181818182e+01
     133     3.2809917355e+01     3.8181818182e+01
     134     3.3611570248e+01     3.8181818182e+01
     135     3.4413223140e+01     3.8181818182e+01
     136     3.5214876033e+01     3.8181818182e+01
     137     3.6016528926e+01     3.8181818182e+01
     138     2.8884297521e+01     3.7272727273e+01
     139     2.9768595041e+01     3.7272727273e+01
     140     3.0652892562e+01     3.7272727273e+01
     141     3.1537190083e+01     3.7272727273e+01
     142     3.2421487603e+01     3.7272727273e+01
     143     3.3305785124e+01     3.7272727273e+01
     144     3.4190082645e+01     3.7272727273e+01
     145     3.5074380165e+01     3.7272727273e+01
     146     3.5958677686e+01     3.7272727273e+01
     147     3.6842975207e+01     3.7272727273e+01
     148     2.8966942149e+01     3.6363636364e+01
     149     2.9933884298e+01     3.6363636364e+01
     150     3.0900826446e+01     3.6363636364e+01
     151     3.1867768595e+01     3.6363636364e+01
     152     3.2834710744e+01     3.6363636364e+01
     153     3.3801652893e+01     3.6363636364e+01
     154     3.4768595041e+01     3.6363636364e+01
     155     3.5735537190e+01     3.6363636364e+01
     156     3.6702479339e+01     3.6363636364e+01
     157     3.7669421488e+01     3.6363636364e+01
     158     2.9049586777e+01     3.5454545455e+01
     159     3.0099173554e+01     3.5454545455e+01
     160     3.1148760331e+01     3.5454545455e+01
     161     3.2198347107e+01     3.5454545455e+01
     162     3.3247933884e+01     3.5454545455e+01
     163     3.4297520661e+01     3.5454545455e+01
     164     3.5347107438e+01     3.5454545455e+01
     165     3.6396694215e+01     3.5454545455e+01
     166     3.7446280992e+01     3.5454545455e+01
     167     3.8495867769e+01     3.5454545455e+01
     168     2.9132231405e+01     3.4545454545e+01
     169     3.0264462810e+01     3.4545454545e+01
     170     3.1396694215e+01     3.4545454545e+01
     171     3.2528925620e+01     3.4545454545e+01
     172     3.3661157025e+01     3.4545454545e+01
     173     3.4793388430e+01     3.4545454545e+01
     174     3.5925619835e+01     3.4545454545e+01
     175     3.7057851240e+01     3.4545454545e+01
     176     3.8190082645e+01     3.4545454545e+01
     177     3.9322314050e+01     3.4545454545e+01
     178     2.9214876033e+01     3.3636363636e+01
     179     3.0429752066e+01     3.3636363636e+01
     180     3.1644628099e+01     3.3636363636e+01
     181     3.2859504132e+01     3.3636363636e+01
     182     3.4074380165e+01     3.3636363636e+01
     183     3.5289256198e+01     3.3636363636e+01
     184     3.6504132231e+01     3.3636363636e+01
     185     3.7719008264e+01     3.3636363636e+01
     186     3.8933884298e+01     3.3636363636e+01
     187     4.0148760331e+01     3.3636363636e+01
     188     2.9297520661e+01     3.2727272727e+01
     189     3.0595041322e+01     3.2727272727e+01
     190     3.1892561983e+01     3.2727272727e+01
     191     3.3190082645e+01     3.2727272727e+01
     192     3.4487603306e+01     3.2727272727e+01
     193     3.5785123967e+01     3.2727272727e+01
     194     3.7082644628e+01     3.2727272727e+01
     195     3.8380165289e+01     3.2727272727e+01
     196     3.9677685950e+01     3.2727272727e+01
     197     4.0975206612e+01     3.2727272727e+01
     198     2.9380165289e+01     3.1818181818e+01
     199     3.0760330579e+01     3.1818181818e+01
     200     3.2140495868e+01     3.1818181818e+01
     201     3.3520661157e+01     3.1818181818e+01
     202     3.4900826446e+01     3.1818181818e+01
     203     3.6280991736e+01     3.1818181818e+01
     204     3.7661157025e+01     3.1818181818e+01
     205     3.9041322314e+01     3.1818181818e+01
     206     4.0421487603e+01     3.1818181818e+01
     207     4.1801652893e+01     3.1818181818e+01
     208     2.9462809917e+01     3.0909090909e+01
     209     3.0925619835e+01     3.0909090909e+01
     210     3.2388429752e+01     3.0909090909e+01
     211     3.3851239669e+01     3.0909090909e+01
     212     3.5314049587e+01     3.0909090909e+01
     213     3.6776859504e+01     3.0909090909e+01
     214     3.8239669421e+01     3.0909090909e+01
     215     3.9702479339e+01     3.0909090909e+01
     216     4.1165289256e+01     3.0909090909e+01
     217     4.2628099174e+01     3.0909090909e+01
     218     4.8076923077e+01     2.7426035641e+01
     219     5.5769230769e+01     2.3875739744e+01
     220     5.2331002331e+01     1.7751479487e+01
     221     4.5990675991e+01     2.4852071282e+01
     222     4.8892773893e+01     1.7751479487e+01
     223     4.3904428904e+01     2.4852071282e+01
     224     4.5454545455e+01     1.7751479487e+01
     225     4.1818181818e+01     2.4852071282e+01
     226     4.2016317016e+01     1.7751479487e+01
     227     3.9731934732e+01     2.4852071282e+01
     228     3.8578088578e+01     1.7751479487e+01
     229     3.7645687646e+01     2.4852071282e+01
     230     3.5139860140e+01     1.7751479487e+01
     231     3.5559440559e+01     2.4852071282e+01
     232     3.1701631702e+01     1.7751479487e+01
     233     3.3473193473e+01     2.4852071282e+01
     234     2.8263403263e+01     1.7751479487e+01
     235     3.1386946387e+01     2.4852071282e+01
     236     2.4825174825e+01     1.7751479487e+01
     237     2.9300699301e+01     2.4852071282e+01
     238     2.1386946387e+01     1.7751479487e+01
     239     2.7214452214e+01     2.4852071282e+01
     240     4.3454545455e+01     2.8846154000e+01
     241     4.1909090909e+01     2.8846154000e+01
     242     4.0363636364e+01     2.8846154000e+01
     243     3.8818181818e+01     2.8846154000e+01
     244     3.7272727273e+01     2.8846154000e+01
     245     3.5727272727e+01     2.8846154000e+01
     246     3.4181818182e+01     2.8846154000e+01
     247     3.2636363636e+01     2.8846154000e+01
     248     3.1090909091e+01     2.8846154000e+01
     249     2.9545454545e+01     2.8846154000e+01
     250     8.9743589744e+00     8.8757397436e+00
     251     1.7948717949e+01     1.8794378846e+01
     252     8.9743589744e+00     1.1793639103e+01
     253     0.0000000000e+00     1.8750000000e+00
     254     1.7948717949e+01     2.0880177564e+01
     255     8.9743589744e+00     1.4711538462e+01
     256     0.0000000000e+00     5.6250000000e+00
     257     2.1538461538e+01     2.1301775385e+01
     258     2.5128205128e+01     2.5562130385e+01
     259     2.1538461538e+01     2.3054733846e+01
     260     2.5128205128e+01     2.6982248590e+01
     261     2.1538461538e+01     2.4807692308e+01
     262     2.6564102564e+01     2.6272189641e+01
     263     2.8000000000e+01     2.8269231000e+01
     264     2.6564102564e+01     2.7559171744e+01
     265     2.8000000000e+01     2.9423077000e+01
     266     2.6564102564e+01     2.8846153846e+01
     267     1.7948717949e+01     2.2744755245e+01
     268     8.9743589744e+00     1.7010489510e+01
     269     0.0000000000e+00     8.9772727273e+00
     270     1.7948717949e+01     2.4388111888e+01
     271     8.9743589744e+00     1.9309440559e+01
     272     0.0000000000e+00     1.1931818182e+01
     273     1.7948717949e+01     2.6031468531e+01
     274     8.9743589744e+00     2.1608391608e+01
     275     0.0000000000e+00     1.4886363636e+01
     276     1.7948717949e+01     2.7674825175e+01
     277     8.9743589744e+00     2.3907342657e+01
     278     0.0000000000e+00     1.7840909091e+01
     279     1.7948717949e+01     2.9318181818e+01
     280     8.9743589744e+00     2.6206293706e+01
     281     0.0000000000e+00     2.0795454545e+01
     282     1.7948717949e+01     3.0961538462e+01
     283     8.9743589744e+00     2.8505244755e+01
     284     0.0000000000e+00     2.3750000000e+01
     285     1.7948717949e+01     3.2604895105e+01
     286     8.9743589744e+00     3.0804195804e+01
     287     0.0000000000e+00     2.6704545455e+01
     288     1.7948717949e+01     3.4248251748e+01
     289     8.9743589744e+00     3.3103146853e+01
     290     0.0000000000e+00     2.9659090909e+01
     291     1.7948717949e+01     3.5891608392e+01
     292     8.9743589744e+00     3.5402097902e+01
     293     0.0000000000e+00     3.2613636364e+01
     294     1.7948717949e+01     3.7534965035e+01
     295     8.9743589744e+00     3.7701048951e+01
     296     0.0000000000e+00     3.5568181818e+01
     297     1.7948717949e+01     3.9178321678e+01
     298     8.9743589744e+00     4.0000000000e+01
     299     0.0000000000e+00     3.8522727273e+01
     300     2.5128205128e+01     2.8251748252e+01
     301     2.1538461538e+01     2.6188811189e+01
     302     2.5128205128e+01     2.9370629371e+01
     303     2.1538461538e+01     2.7569930070e+01
     304     2.5128205128e+01     3.0489510490e+01
     305     2.1538461538e+01     2.8951048951e+01
     306     2.5128205128e+01     3.1608391608e+01
     307     2.1538461538e+01     3.0332167832e+01
     308     2.5128205128e+01     3.2727272727e+01
     309     2.1538461538e+01     3.1713286713e+01
     310     2.5128205128e+01     3.3846153846e+01
     311     2.1538461538e+01     3.3094405594e+01
     312     2.5128205128e+01     3.4965034965e+01
     313     2.1538461538e+01     3.4475524476e+01
     314     2.5128205128e+01     3.6083916084e+01
     315     2.1538461538e+01     3.5856643357e+01
     316     2.5128205128e+01     3.7202797203e+01
     317     2.1538461538e+01     3.7237762238e+01
     318     2.5128205128e+01     3.8321678322e+01
     319     2.1538461538e+01     3.8618881119e+01
     320     2.5128205128e+01     3.9440559441e+01
     321     2.1538461538e+01     4.0000000000e+01
     322     2.8000000000e+01     3.0454545455e+01
     323     2.6564102564e+01     2.9860139860e+01
     324     2.8000000000e+01     3.1363636364e+01
     325     2.6564102564e+01     3.0874125874e+01
     326     2.8000000000e+01     3.2272727273e+01
     327     2.6564102564e+01     3.1888111888e+01
     328     2.8000000000e+01     3.3181818182e+01
     329     2.6564102564e+01     3.2902097902e+01
     330     2.8000000000e+01     3.4090909091e+01
     331     2.6564102564e+01     3.3916083916e+01
     332     2.8000000000e+01     3.5000000000e+01
     333     2.6564102564e+01     3.4930069930e+01
     334     2.8000000000e+01     3.5909090909e+01
     335     2.6564102564e+01     3.5944055944e+01
     336     2.8000000000e+01     3.6818181818e+01
     337     2.6564102564e+01     3.6958041958e+01
     338     2.8000000000e+01     3.7727272727e+01
     339     2.6564102564e+01     3.7972027972e+01
     340     2.8000000000e+01     3.8636363636e+01
     341     2.6564102564e+01     3.8986013986e+01
     342     2.8000000000e+01     3.9545454545e+01
     343     2.6564102564e+01     4.0000000000e+01
     344     2.8359504132e+01     3.9090909091e+01
     345     2.8677685950e+01     3.9545454545e+01
     346     2.8318181818e+01     4.0000000000e+01
     347     2.9078512397e+01     3.9090909091e+01
     348     2.9355371901e+01     3.9545454545e+01
     349     2.8954545455e+01     4.0000000000e+01
     350     2.9797520661e+01     3.9090909091e+01
     351     3.0033057851e+01     3.9545454545e+01
     352     2.9590909091e+01     4.0000000000e+01
     353     3.0516528926e+01     3.9090909091e+01
     354     3.0710743802e+01     3.9545454545e+01
     355     3.0227272727e+01     4.0000000000e+01
     356     3.1235537190e+01     3.9090909091e+01
     357     3.1388429752e+01     3.9545454545e+01
     358     3.0863636364e+01     4.0000000000e+01
     359     3.1954545455e+01     3.9090909091e+01
     360     3.2066115702e+01     3.9545454545e+01
     361     3.1500000000e+01     4.0000000000e+01
     362     3.2673553719e+01     3.9090909091e+01
     363     3.2743801653e+01     3.9545454545e+01
     364     3.2136363636e+01     4.0000000000e+01
     365     3.3392561983e+01     3.9090909091e+01
     366     3.3421487603e+01     3.9545454545e+01
     367     3.2772727273e+01     4.0000000000e+01
     368     3.4111570248e+01     3.9090909091e+01
     369     3.4099173554e+01     3.9545454545e+01
     370     3.3409090909e+01     4.0000000000e+01
     371     3.4830578512e+01     3.9090909091e+01
     372     3.4776859504e+01     3.9545454545e+01
     373     3.4045454545e+01     4.0000000000e+01
     374     3.5549586777e+01     3.9090909091e+01
     375     3.5454545455e+01     3.9545454545e+01
     376     3.4681818182e+01     4.0000000000e+01
     377     2.8400826446e+01     3.8181818182e+01
     378     2.8760330579e+01     3.8636363636e+01
     379     2.9202479339e+01     3.8181818182e+01
     380     2.9520661157e+01     3.8636363636e+01
     381     3.0004132231e+01     3.8181818182e+01
     382     3.0280991736e+01     3.8636363636e+01
     383     3.0805785124e+01     3.8181818182e+01
     384     3.1041322314e+01     3.8636363636e+01
     385     3.1607438017e+01     3.8181818182e+01
     386     3.1801652893e+01     3.8636363636e+01
     387     3.2409090909e+01     3.8181818182e+01
     388     3.2561983471e+01     3.8636363636e+01
     389     3.3210743802e+01     3.8181818182e+01
     390     3.3322314050e+01     3.8636363636e+01
     391     3.4012396694e+01     3.8181818182e+01
     392     3.4082644628e+01     3.8636363636e+01
     393     3.4814049587e+01     3.8181818182e+01
     394     3.4842975207e+01     3.8636363636e+01
     395     3.5615702479e+01     3.8181818182e+01
     396     3.5603305785e+01     3.8636363636e+01
     397     3.6417355372e+01     3.8181818182e+01
     398     3.6363636364e+01     3.8636363636e+01
     399     2.8442148760e+01     3.7272727273e+01
     400     2.8842975207e+01     3.7727272727e+01
     401     2.9326446281e+01     3.7272727273e+01
     402     2.9685950413e+01     3.7727272727e+01
     403     3.0210743802e+01     3.7272727273e+01
     404     3.0528925620e+01     3.7727272727e+01
     405     3.1095041322e+01     3.7272727273e+01
     406     3.1371900826e+01     3.7727272727e+01
     407     3.1979338843e+01     3.7272727273e+01
     408     3.2214876033e+01     3.7727272727e+01
     409     3.2863636364e+01     3.7272727273e+01
     410     3.3057851240e+01     3.7727272727e+01
     411     3.3747933884e+01     3.7272727273e+01
     412     3.3900826446e+01     3.7727272727e+01
     413     3.4632231405e+01     3.7272727273e+01
     414     3.4743801653e+01     3.7727272727e+01
     415     3.5516528926e+01     3.7272727273e+01
     416     3.5586776860e+01     3.7727272727e+01
     417     3.6400826446e+01     3.7272727273e+01
     418     3.6429752066e+01     3.7727272727e+01
     419     3.7285123967e+01     3.7272727273e+01
     420     3.7272727273e+01     3.7727272727e+01
     421     2.8483471074e+01     3.6363636364e+01
     422     2.8925619835e+01     3.6818181818e+01
     423     2.9450413223e+01     3.6363636364e+01
     424     2.9851239669e+01     3.6818181818e+01
     425     3.0417355372e+01     3.6363636364e+01
     426     3.0776859504e+01     3.6818181818e+01
     427     3.1384297521e+01     3.6363636364e+01
     428     3.1702479339e+01     3.6818181818e+01
     429     3.2351239669e+01     3.6363636364e+01
     430     3.2628099174e+01     3.6818181818e+01
     431     3.3318181818e+01     3.6363636364e+01
     432     3.3553719008e+01     3.6818181818e+01
     433     3.4285123967e+01     3.6363636364e+01
     434     3.4479338843e+01     3.6818181818e+01
     435     3.5252066116e+01     3.6363636364e+01
     436     3.5404958678e+01     3.6818181818e+01
     437     3.6219008264e+01     3.6363636364e+01
     438     3.6330578512e+01     3.6818181818e+01
     439     3.7185950413e+01     3.6363636364e+01
     440     3.7256198347e+01     3.6818181818e+01
     441     3.8152892562e+01     3.6363636364e+01
     442     3.8181818182e+01     3.6818181818e+01
     443     2.8524793388e+01     3.5454545455e+01
     444     2.9008264463e+01     3.5909090909e+01
     445     2.9574380165e+01     3.5454545455e+01
     446     3.0016528926e+01     3.5909090909e+01
     447     3.0623966942e+01     3.5454545455e+01
     448     3.1024793388e+01     3.5909090909e+01
     449     3.1673553719e+01     3.5454545455e+01
     450     3.2033057851e+01     3.5909090909e+01
     451     3.2723140496e+01     3.5454545455e+01
     452     3.3041322314e+01     3.5909090909e+01
     453     3.3772727273e+01     3.5454545455e+01
     454     3.4049586777e+01     3.5909090909e+01
     455     3.4822314050e+01     3.5454545455e+01
     456     3.5057851240e+01     3.5909090909e+01
     457     3.5871900826e+01     3.5454545455e+01
     458     3.6066115702e+01     3.5909090909e+01
     459     3.6921487603e+01     3.5454545455e+01
     460     3.7074380165e+01     3.5909090909e+01
     461     3.7971074380e+01     3.5454545455e+01
     462     3.8082644628e+01     3.5909090909e+01
     463     3.9020661157e+01     3.5454545455e+01
     464     3.9090909091e+01     3.5909090909e+01
     465     2.8566115702e+01     3.4545454545e+01
     466     2.9090909091e+01     3.5000000000e+01
     467     2.9698347107e+01     3.4545454545e+01
     468     3.0181818182e+01     3.5000000000e+01
     469     3.0830578512e+01     3.4545454545e+01
     470     3.1272727273e+01     3.5000000000e+01
     471     3.1962809917e+01     3.4545454545e+01
     472     3.2363636364e+01     3.5000000000e+01
     473     3.3095041322e+01     3.4545454545e+01
     474     3.3454545455e+01     3.5000000000e+01
     475     3.4227272727e+01     3.4545454545e+01
     476     3.4545454545e+01     3.5000000000e+01
     477     3.5359504132e+01     3.4545454545e+01
     478     3.5636363636e+01     3.5000000000e+01
     479     3.6491735537e+01     3.4545454545e+01
     480     3.6727272727e+01     3.5000000000e+01
     481     3.7623966942e+01     3.4545454545e+01
     482     3.7818181818e+01     3.5000000000e+01
     483     3.8756198347e+01     3.4545454545e+01
     484     3.8909090909e+01     3.5000000000e+01
     485     3.9888429752e+01     3.4545454545e+01
     486     4.0000000000e+01     3.5000000000e+01
     487     2.8607438017e+01     3.3636363636e+01
     488     2.9173553719e+01     3.4090909091e+01
     489     2.9822314050e+01     3.3636363636e+01
     490     3.0347107438e+01     3.4090909091e+01
     491     3.1037190083e+01     3.3636363636e+01
     492     3.1520661157e+01     3.4090909091e+01
     493     3.2252066116e+01     3.3636363636e+01
     494     3.2694214876e+01     3.4090909091e+01
     495     3.3466942149e+01     3.3636363636e+01
     496     3.3867768595e+01     3.4090909091e+01
     497     3.4681818182e+01     3.3636363636e+01
     498     3.5041322314e+01     3.4090909091e+01
     499     3.5896694215e+01     3.3636363636e+01
     500     3.6214876033e+01     3.4090909091e+01
     501     3.7111570248e+01     3.3636363636e+01
     502     3.7388429752e+01     3.4090909091e+01
     503     3.8326446281e+01     3.3636363636e+01
     504     3.8561983471e+01     3.4090909091e+01
     505     3.9541322314e+01     3.3636363636e+01
     506     3.9735537190e+01     3.4090909091e+01
     507     4.0756198347e+01     3.3636363636e+01
     508     4.0909090909e+01     3.4090909091e+01
     509     2.8648760331e+01     3.2727272727e+01
     510     2.9256198347e+01     3.3181818182e+01
     511     2.9946280992e+01     3.2727272727e+01
     512     3.0512396694e+01     3.3181818182e+01
     513     3.1243801653e+01     3.2727272727e+01
     514     3.1768595041e+01     3.3181818182e+01
     515     3.2541322314e+01     3.2727272727e+01
     516     3.3024793388e+01     3.3181818182e+01
     517     3.3838842975e+01     3.2727272727e+01
     518     3.4280991736e+01     3.3181818182e+01
     519     3.5136363636e+01     3.2727272727e+01
     520     3.5537190083e+01     3.3181818182e+01
     521     3.6433884298e+01     3.2727272727e+01
     522     3.6793388430e+01     3.3181818182e+01
     523     3.7731404959e+01     3.2727272727e+01
     524     3.8049586777e+01     3.3181818182e+01
     525     3.9028925620e+01     3.2727272727e+01
     526     3.9305785124e+01     3.3181818182e+01
     527     4.0326446281e+01     3.2727272727e+01
     528     4.0561983471e+01     3.3181818182e+01
     529     4.1623966942e+01     3.2727272727e+01
     530     4.1818181818e+01     3.3181818182e+01
     531     2.8690082645e+01     3.1818181818e+01
     532     2.9338842975e+01     3.2272727273e+01
     533     3.0070247934e+01     3.1818181818e+01
     534     3.0677685950e+01     3.2272727273e+01
     535     3.1450413223e+01     3.1818181818e+01
     536     3.2016528926e+01     3.2272727273e+01
     537     3.2830578512e+01     3.1818181818e+01
     538     3.3355371901e+01     3.2272727273e+01
     539     3.4210743802e+01     3.1818181818e+01
     540     3.4694214876e+01     3.2272727273e+01
     541     3.5590909091e+01     3.1818181818e+01
     542     3.6033057851e+01     3.2272727273e+01
     543     3.6971074380e+01     3.1818181818e+01
     544     3.7371900826e+01     3.2272727273e+01
     545     3.8351239669e+01     3.1818181818e+01
     546     3.8710743802e+01     3.2272727273e+01
     547     3.9731404959e+01     3.1818181818e+01
     548     4.0049586777e+01     3.2272727273e+01
     549     4.1111570248e+01     3.1818181818e+01
     550     4.1388429752e+01     3.2272727273e+01
     551     4.2491735537e+01     3.1818181818e+01
     552     4.2727272727e+01     3.2272727273e+01
     553     2.8731404959e+01     3.0909090909e+01
     554     2.9421487603e+01     3.1363636364e+01
     555     3.0194214876e+01     3.0909090909e+01
     556     3.0842975207e+01     3.1363636364e+01
     557     3.1657024793e+01     3.0909090909e+01
     558     3.2264462810e+01     3.1363636364e+01
     559     3.3119834711e+01     3.0909090909e+01
     560     3.3685950413e+01     3.1363636364e+01
     561     3.4582644628e+01     3.0909090909e+01
     562     3.5107438017e+01     3.1363636364e+01
     563     3.6045454545e+01     3.0909090909e+01
     564     3.6528925620e+01     3.1363636364e+01
     565     3.7508264463e+01     3.0909090909e+01
     566     3.7950413223e+01     3.1363636364e+01
     567     3.8971074380e+01     3.0909090909e+01
     568     3.9371900826e+01     3.1363636364e+01
     569     4.0433884298e+01     3.0909090909e+01
     570     4.0793388430e+01     3.1363636364e+01
     571     4.1896694215e+01     3.0909090909e+01
     572     4.2214876033e+01     3.1363636364e+01
     573     4.3359504132e+01     3.0909090909e+01
     574     4.3636363636e+01     3.1363636364e+01
     575     2.8772727273e+01     3.0000000000e+01
     576     2.9504132231e+01     3.0454545455e+01
     577     3.0318181818e+01     3.0000000000e+01
     578     3.1008264463e+01     3.0454545455e+01
     579     3.1863636364e+01     3.0000000000e+01
     580     3.2512396694e+01     3.0454545455e+01
     581     3.3409090909e+01     3.0000000000e+01
     582     3.4016528926e+01     3.0454545455e+01
     583     3.4954545455e+01     3.0000000000e+01
     584     3.5520661157e+01     3.0454545455e+01
     585     3.6500000000e+01     3.0000000000e+01
     586     3.7024793388e+01     3.0454545455e+01
     587     3.8045454545e+01     3.0000000000e+01
     588     3.8528925620e+01     3.0454545455e+01
     589     3.9590909091e+01     3.0000000000e+01
     590     4.0033057851e+01     3.0454545455e+01
     591     4.1136363636e+01     3.0000000000e+01
     592     4.1537190083e+01     3.0454545455e+01
     593     4.2681818182e+01     3.0000000000e+01
     594     4.3041322314e+01     3.0454545455e+01
     595     4.4227272727e+01     3.0000000000e+01
     596     4.4545454545e+01     3.0454545455e+01
     597     4.5000000000e+01     2.9423077000e+01
     598     4.6538461538e+01     2.8136094821e+01
     599     4.8076923077e+01     2.8713017821e+01
     600     4.6538461538e+01     3.0000000000e+01
     601     5.1923076923e+01     2.5650887692e+01
     602     5.5769230769e+01     2.6937869872e+01
     603     5.1923076923e+01     3.0000000000e+01
     604     6.5384615385e+01     1.9437869872e+01
     605     7.5000000000e+01     2.2500000000e+01
     606     6.5384615385e+01     3.0000000000e+01
     607     4.5000000000e+01     2.8269231000e+01
     608     4.6538461538e+01     2.6272189641e+01
     609     4.8076923077e+01     2.6139053462e+01
     610     5.1923076923e+01     2.1301775385e+01
     611     5.5769230769e+01     2.0813609615e+01
     612     6.5384615385e+01     8.8757397436e+00
     613     7.5000000000e+01     7.5000000000e+00
     614     5.4050116550e+01     1.7751479487e+01
     615     6.0256410256e+01     8.8757397436e+00
     616     7.1590909091e+01     0.0000000000e+00
     617     4.7033799534e+01     2.4852071282e+01
     618     4.9160839161e+01     2.1301775385e+01
     619     4.4227272727e+01     2.7692308000e+01
     620     4.4722610723e+01     2.6272189641e+01
     621     5.0611888112e+01     1.7751479487e+01
     622     5.5128205128e+01     8.8757397436e+00
     623     6.4772727273e+01     0.0000000000e+00
     624     4.4947552448e+01     2.4852071282e+01
     625     4.6398601399e+01     2.1301775385e+01
     626     4.2681818182e+01     2.7692308000e+01
     627     4.2906759907e+01     2.6272189641e+01
     628     4.7173659674e+01     1.7751479487e+01
     629     5.0000000000e+01     8.8757397436e+00
     630     5.7954545455e+01     0.0000000000e+00
     631     4.2861305361e+01     2.4852071282e+01
     632     4.3636363636e+01     2.1301775385e+01
     633     4.1136363636e+01     2.7692308000e+01
     634     4.1090909091e+01     2.6272189641e+01
     635     4.3735431235e+01     1.7751479487e+01
     636     4.4871794872e+01     8.8757397436e+00
     637     5.1136363636e+01     0.0000000000e+00
     638     4.0775058275e+01     2.4852071282e+01
     639     4.0874125874e+01     2.1301775385e+01
     640     3.9590909091e+01     2.7692308000e+01
     641     3.9275058275e+01     2.6272189641e+01
     642     4.0297202797e+01     1.7751479487e+01
     643     3.9743589744e+01     8.8757397436e+00
     644     4.4318181818e+01     3.5527136788e-15
     645     3.8688811189e+01     2.4852071282e+01
     646     3.8111888112e+01     2.1301775385e+01
     647     3.8045454545e+01     2.7692308000e+01
     648     3.7459207459e+01     2.6272189641e+01
     649     3.6858974359e+01     1.7751479487e+01
     650     3.4615384615e+01     8.8757397436e+00
     651     3.7500000000e+01    -3.5527136788e-15
     652     3.6602564103e+01     2.4852071282e+01
     653     3.5349650350e+01     2.1301775385e+01
     654     3.6500000000e+01     2.7692308000e+01
     655     3.5643356643e+01     2.6272189641e+01
     656     3.3420745921e+01     1.7751479487e+01
     657     2.9487179487e+01     8.8757397436e+00
     658     3.0681818182e+01     0.0000000000e+00
     659     3.4516317016e+01     2.4852071282e+01
     660     3.2587412587e+01     2.1301775385e+01
     661     3.4954545455e+01     2.7692308000e+01
     662     3.3827505828e+01     2.6272189641e+01
     663     2.9982517483e+01     1.7751479487e+01
     664     2.4358974359e+01     8.8757397436e+00
     665     2.3863636364e+01     0.0000000000e+00
     666     3.2430069930e+01     2.4852071282e+01
     667     2.9825174825e+01     2.1301775385e+01
     668     3.3409090909e+01     2.7692308000e+01
     669     3.2011655012e+01     2.6272189641e+01
     670     2.6544289044e+01     1.7751479487e+01
     671     1.9230769231e+01     8.8757397436e+00
     672     1.7045454545e+01     0.0000000000e+00
     673     3.0343822844e+01     2.4852071282e+01
     674     2.7062937063e+01     2.1301775385e+01
     675     3.1863636364e+01     2.7692308000e+01
     676     3.0195804196e+01     2.6272189641e+01
     677     2.3106060606e+01     1.7751479487e+01
     678     1.4102564103e+01     8.8757397436e+00
     679     1.0227272727e+01     0.0000000000e+00
     680     2.8257575758e+01     2.4852071282e+01
     681     2.4300699301e+01     2.1301775385e+01
     682     3.0318181818e+01     2.7692308000e+01
     683     2.8379953380e+01     2.6272189641e+01
     684     1.9667832168e+01     1.7751479487e+01
     685     3.4090909091e+00    -3.5527136788e-15
     686     2.6171328671e+01     2.4852071282e+01
     687     2.8772727273e+01     2.7692308000e+01
     688     4.4227272727e+01     2.8846154000e+01
     689     4.3454545455e+01     2.8269231000e+01
     690     4.3454545455e+01     2.9423077000e+01
     691     4.2681818182e+01     2.8846154000e+01
     692     4.1909090909e+01     2.8269231000e+01
     693     4.1909090909e+01     2.9423077000e+01
     694     4.1136363636e+01     2.8846154000e+01
     695     4.0363636364e+01     2.8269231000e+01
     696     4.0363636364e+01     2.9423077000e+01
     697     3.9590909091e+01     2.8846154000e+01
     698     3.8818181818e+01     2.8269231000e+01
     699     3.8818181818e+01     2.9423077000e+01
     700     3.8045454545e+01     2.8846154000e+01
     701     3.7272727273e+01     2.8269231000e+01
     702     3.7272727273e+01     2.9423077000e+01
     703     3.6500000000e+01     2.8846154000e+01
     704     3.5727272727e+01     2.8269231000e+01
     705     3.5727272727e+01     2.9423077000e+01
     706     3.4954545455e+01     2.8846154000e+01
     707     3.4181818182e+01     2.8269231000e+01
     708     3.4181818182e+01     2.9423077000e+01
     709     3.3409090909e+01     2.8846154000e+01
     710     3.2636363636e+01     2.8269231000e+01
     711     3.2636363636e+01     2.9423077000e+01
     712     3.1863636364e+01     2.8846154000e+01
     713     3.1090909091e+01     2.8269231000e+01
     714     3.1090909091e+01     2.9423077000e+01
     715     3.0318181818e+01     2.8846154000e+01
     716     2.9545454545e+01     2.8269231000e+01
     717     2.9545454545e+01     2.9423077000e+01
     718     2.8772727273e+01     2.8846154000e+01

NODES_WITH_PRESCRIBED_DISPLACEMENTS  53
       1     11    0.000  0.000  0.000
       2     10    0.000  0.000  0.000
       3     10    0.000  0.000  0.000
       7     10    0.000  0.000  0.000
       8     11    0.000  0.000  0.000
      12     10    0.000  0.000  0.000
      13     10    0.000  0.000  0.000
      14     10    0.000  0.000  0.000
      15     10    0.000  0.000  0.000
      16     10    0.000  0.000  0.000
      17     10    0.000  0.000  0.000
      18     10    0.000  0.000  0.000
      19     10    0.000  0.000  0.000
      20     10    0.000  0.000  0.000
      21     10    0.000  0.000  0.000
      22     10    0.000  0.000  0.000
      47     10    0.000  0.000  0.000
      64     11    0.000  0.000  0.000
      65     11    0.000  0.000  0.000
      66     11    0.000  0.000  0.000
      67     11    0.000  0.000  0.000
      68     11    0.000  0.000  0.000
      69     11    0.000  0.000  0.000
      70     11    0.000  0.000  0.000
      71     11    0.000  0.000  0.000
      72     11    0.000  0.000  0.000
      73     11    0.000  0.000  0.000
     253     10    0.000  0.000  0.000
     256     10    0.000  0.000  0.000
     269     10    0.000  0.000  0.000
     272     10    0.000  0.000  0.000
     275     10    0.000  0.000  0.000
     278     10    0.000  0.000  0.000
     281     10    0.000  0.000  0.000
     284     10    0.000  0.000  0.000
     287     10    0.000  0.000  0.000
     290     10    0.000  0.000  0.000
     293     10    0.000  0.000  0.000
     296     10    0.000  0.000  0.000
     299     10    0.000  0.000  0.000
     605     10    0.000  0.000  0.000
     613     10    0.000  0.000  0.000
     616     11    0.000  0.000  0.000
     623     11    0.000  0.000  0.000
     630     11    0.000  0.000  0.000
     637     11    0.000  0.000  0.000
     644     11    0.000  0.000  0.000
     651     11    0.000  0.000  0.000
     658     11    0.000  0.000  0.000
     665     11    0.000  0.000  0.000
     672     11    0.000  0.000  0.000
     679     11    0.000  0.000  0.000
     685     11    0.000  0.000  0.000


MATERIALS 1
  1 MOHR_COULOMB
     2.038735
     20000.0  0.49   20.0  20.0
       2
       0.000     50.0
       1.000     50.0



LOADINGS    GRAVITY

GRAVITY_LOAD
  0.00  9.81



INCREMENTS 7
 1.0          0.10000E-06    10  1 1 0 1 0
 1.0          0.10000E-06    10  1 1 0 1 0
 1.0          0.10000E-06    10  1 1 0 1 0
 1.0          0.10000E-06    10  1 1 0 1 0
 0.125        0.10000E-06    10  1 1 0 1 0
 0.0625       0.10000E-06    10  1 1 0 1 0
 0.0078125    0.10000E-06    10  1 1 0 1 0
