TITLE
Example 9.5.3 - Stretching of a perforated rectangular plate

ANALYSIS_TYPE  1 (Plane stress)

LARGE_STRAIN_FORMULATION   OFF

ELEMENT_GROUPS 1
  1 1 1

ELEMENT_TYPES 1
  1  TRI_3


ELEMENTS  576
     1     1    15    14     1
     2     1     1     2    15
     3     1     2     3    15
     4     1    16    15     3
     5     1    14    15    27
     6     1    28    27    15
     7     1    29    28    15
     8     1    15    16    29
     9     1    17    16     3
    10     1     3     4    17
    11     1     4     5    17
    12     1    18    17     5
    13     1    16    17    29
    14     1    30    29    17
    15     1    31    30    17
    16     1    17    18    31
    17     1    19    18     5
    18     1     5     6    19
    19     1     6     7    19
    20     1    20    19     7
    21     1    18    19    31
    22     1    32    31    19
    23     1    33    32    19
    24     1    19    20    33
    25     1    21    20     7
    26     1     7     8    21
    27     1     8     9    21
    28     1    22    21     9
    29     1    20    21    33
    30     1    34    33    21
    31     1    35    34    21
    32     1    21    22    35
    33     1    23    22     9
    34     1     9    10    23
    35     1    10    11    23
    36     1    24    23    11
    37     1    22    23    35
    38     1    36    35    23
    39     1    37    36    23
    40     1    23    24    37
    41     1    25    24    11
    42     1    11    12    25
    43     1    12    13    25
    44     1    26    25    13
    45     1    24    25    37
    46     1    38    37    25
    47     1    39    38    25
    48     1    25    26    39
    49     1    41    40    27
    50     1    27    28    41
    51     1    28    29    41
    52     1    42    41    29
    53     1    40    41    53
    54     1    54    53    41
    55     1    55    54    41
    56     1    41    42    55
    57     1    43    42    29
    58     1    29    30    43
    59     1    30    31    43
    60     1    44    43    31
    61     1    42    43    55
    62     1    56    55    43
    63     1    57    56    43
    64     1    43    44    57
    65     1    45    44    31
    66     1    31    32    45
    67     1    32    33    45
    68     1    46    45    33
    69     1    44    45    57
    70     1    58    57    45
    71     1    59    58    45
    72     1    45    46    59
    73     1    47    46    33
    74     1    33    34    47
    75     1    34    35    47
    76     1    48    47    35
    77     1    46    47    59
    78     1    60    59    47
    79     1    61    60    47
    80     1    47    48    61
    81     1    49    48    35
    82     1    35    36    49
    83     1    36    37    49
    84     1    50    49    37
    85     1    48    49    61
    86     1    62    61    49
    87     1    63    62    49
    88     1    49    50    63
    89     1    51    50    37
    90     1    37    38    51
    91     1    38    39    51
    92     1    52    51    39
    93     1    50    51    63
    94     1    64    63    51
    95     1    65    64    51
    96     1    51    52    65
    97     1    67    66    53
    98     1    53    54    67
    99     1    54    55    67
   100     1    68    67    55
   101     1    66    67    79
   102     1    80    79    67
   103     1    81    80    67
   104     1    67    68    81
   105     1    69    68    55
   106     1    55    56    69
   107     1    56    57    69
   108     1    70    69    57
   109     1    68    69    81
   110     1    82    81    69
   111     1    83    82    69
   112     1    69    70    83
   113     1    71    70    57
   114     1    57    58    71
   115     1    58    59    71
   116     1    72    71    59
   117     1    70    71    83
   118     1    84    83    71
   119     1    85    84    71
   120     1    71    72    85
   121     1    73    72    59
   122     1    59    60    73
   123     1    60    61    73
   124     1    74    73    61
   125     1    72    73    85
   126     1    86    85    73
   127     1    87    86    73
   128     1    73    74    87
   129     1    75    74    61
   130     1    61    62    75
   131     1    62    63    75
   132     1    76    75    63
   133     1    74    75    87
   134     1    88    87    75
   135     1    89    88    75
   136     1    75    76    89
   137     1    77    76    63
   138     1    63    64    77
   139     1    64    65    77
   140     1    78    77    65
   141     1    76    77    89
   142     1    90    89    77
   143     1    91    90    77
   144     1    77    78    91
   145     1    93    92    79
   146     1    79    80    93
   147     1    80    81    93
   148     1    94    93    81
   149     1    92    93   105
   150     1   106   105    93
   151     1   107   106    93
   152     1    93    94   107
   153     1    95    94    81
   154     1    81    82    95
   155     1    82    83    95
   156     1    96    95    83
   157     1    94    95   107
   158     1   108   107    95
   159     1   109   108    95
   160     1    95    96   109
   161     1    97    96    83
   162     1    83    84    97
   163     1    84    85    97
   164     1    98    97    85
   165     1    96    97   109
   166     1   110   109    97
   167     1   111   110    97
   168     1    97    98   111
   169     1    99    98    85
   170     1    85    86    99
   171     1    86    87    99
   172     1   100    99    87
   173     1    98    99   111
   174     1   112   111    99
   175     1   113   112    99
   176     1    99   100   113
   177     1   101   100    87
   178     1    87    88   101
   179     1    88    89   101
   180     1   102   101    89
   181     1   100   101   113
   182     1   114   113   101
   183     1   115   114   101
   184     1   101   102   115
   185     1   103   102    89
   186     1    89    90   103
   187     1    90    91   103
   188     1   104   103    91
   189     1   102   103   115
   190     1   116   115   103
   191     1   117   116   103
   192     1   103   104   117
   193     1   119   118   105
   194     1   105   106   119
   195     1   106   107   119
   196     1   120   119   107
   197     1   118   119   131
   198     1   132   131   119
   199     1   133   132   119
   200     1   119   120   133
   201     1   121   120   107
   202     1   107   108   121
   203     1   108   109   121
   204     1   122   121   109
   205     1   120   121   133
   206     1   134   133   121
   207     1   135   134   121
   208     1   121   122   135
   209     1   123   122   109
   210     1   109   110   123
   211     1   110   111   123
   212     1   124   123   111
   213     1   122   123   135
   214     1   136   135   123
   215     1   137   136   123
   216     1   123   124   137
   217     1   125   124   111
   218     1   111   112   125
   219     1   112   113   125
   220     1   126   125   113
   221     1   124   125   137
   222     1   138   137   125
   223     1   139   138   125
   224     1   125   126   139
   225     1   127   126   113
   226     1   113   114   127
   227     1   114   115   127
   228     1   128   127   115
   229     1   126   127   139
   230     1   140   139   127
   231     1   141   140   127
   232     1   127   128   141
   233     1   129   128   115
   234     1   115   116   129
   235     1   116   117   129
   236     1   130   129   117
   237     1   128   129   141
   238     1   142   141   129
   239     1   143   142   129
   240     1   129   130   143
   241     1   145   144   131
   242     1   131   132   145
   243     1   132   133   145
   244     1   146   145   133
   245     1   144   145   157
   246     1   158   157   145
   247     1   159   158   145
   248     1   145   146   159
   249     1   147   146   133
   250     1   133   134   147
   251     1   134   135   147
   252     1   148   147   135
   253     1   146   147   159
   254     1   160   159   147
   255     1   161   160   147
   256     1   147   148   161
   257     1   149   148   135
   258     1   135   136   149
   259     1   136   137   149
   260     1   150   149   137
   261     1   148   149   161
   262     1   162   161   149
   263     1   163   162   149
   264     1   149   150   163
   265     1   151   150   137
   266     1   137   138   151
   267     1   138   139   151
   268     1   152   151   139
   269     1   150   151   163
   270     1   164   163   151
   271     1   165   164   151
   272     1   151   152   165
   273     1   153   152   139
   274     1   139   140   153
   275     1   140   141   153
   276     1   154   153   141
   277     1   152   153   165
   278     1   166   165   153
   279     1   167   166   153
   280     1   153   154   167
   281     1   155   154   141
   282     1   141   142   155
   283     1   142   143   155
   284     1   156   155   143
   285     1   154   155   167
   286     1   168   167   155
   287     1   169   168   155
   288     1   155   156   169
   289     1   171   170   157
   290     1   157   158   171
   291     1   158   159   171
   292     1   172   171   159
   293     1   170   171   183
   294     1   184   183   171
   295     1   185   184   171
   296     1   171   172   185
   297     1   173   172   159
   298     1   159   160   173
   299     1   160   161   173
   300     1   174   173   161
   301     1   172   173   185
   302     1   186   185   173
   303     1   187   186   173
   304     1   173   174   187
   305     1   175   174   161
   306     1   161   162   175
   307     1   162   163   175
   308     1   176   175   163
   309     1   174   175   187
   310     1   188   187   175
   311     1   189   188   175
   312     1   175   176   189
   313     1   177   176   163
   314     1   163   164   177
   315     1   164   165   177
   316     1   178   177   165
   317     1   176   177   189
   318     1   190   189   177
   319     1   191   190   177
   320     1   177   178   191
   321     1   179   178   165
   322     1   165   166   179
   323     1   166   167   179
   324     1   180   179   167
   325     1   178   179   191
   326     1   192   191   179
   327     1   193   192   179
   328     1   179   180   193
   329     1   181   180   167
   330     1   167   168   181
   331     1   168   169   181
   332     1   182   181   169
   333     1   180   181   193
   334     1   194   193   181
   335     1   195   194   181
   336     1   181   182   195
   337     1   197   196   183
   338     1   183   184   197
   339     1   184   185   197
   340     1   198   197   185
   341     1   196   197   209
   342     1   210   209   197
   343     1   211   210   197
   344     1   197   198   211
   345     1   199   198   185
   346     1   185   186   199
   347     1   186   187   199
   348     1   200   199   187
   349     1   198   199   211
   350     1   212   211   199
   351     1   213   212   199
   352     1   199   200   213
   353     1   201   200   187
   354     1   187   188   201
   355     1   188   189   201
   356     1   202   201   189
   357     1   200   201   213
   358     1   214   213   201
   359     1   215   214   201
   360     1   201   202   215
   361     1   203   202   189
   362     1   189   190   203
   363     1   190   191   203
   364     1   204   203   191
   365     1   202   203   215
   366     1   216   215   203
   367     1   217   216   203
   368     1   203   204   217
   369     1   205   204   191
   370     1   191   192   205
   371     1   192   193   205
   372     1   206   205   193
   373     1   204   205   217
   374     1   218   217   205
   375     1   219   218   205
   376     1   205   206   219
   377     1   207   206   193
   378     1   193   194   207
   379     1   194   195   207
   380     1   208   207   195
   381     1   206   207   219
   382     1   220   219   207
   383     1   221   220   207
   384     1   207   208   221
   385     1   223   222   209
   386     1   209   210   223
   387     1   210   211   223
   388     1   224   223   211
   389     1   222   223   235
   390     1   236   235   223
   391     1   237   236   223
   392     1   223   224   237
   393     1   225   224   211
   394     1   211   212   225
   395     1   212   213   225
   396     1   226   225   213
   397     1   224   225   237
   398     1   238   237   225
   399     1   239   238   225
   400     1   225   226   239
   401     1   227   226   213
   402     1   213   214   227
   403     1   214   215   227
   404     1   228   227   215
   405     1   226   227   239
   406     1   240   239   227
   407     1   241   240   227
   408     1   227   228   241
   409     1   229   228   215
   410     1   215   216   229
   411     1   216   217   229
   412     1   230   229   217
   413     1   228   229   241
   414     1   242   241   229
   415     1   243   242   229
   416     1   229   230   243
   417     1   231   230   217
   418     1   217   218   231
   419     1   218   219   231
   420     1   232   231   219
   421     1   230   231   243
   422     1   244   243   231
   423     1   245   244   231
   424     1   231   232   245
   425     1   233   232   219
   426     1   219   220   233
   427     1   220   221   233
   428     1   234   233   221
   429     1   232   233   245
   430     1   246   245   233
   431     1   247   246   233
   432     1   233   234   247
   433     1   249   248   235
   434     1   235   236   249
   435     1   236   237   249
   436     1   250   249   237
   437     1   248   249   261
   438     1   262   261   249
   439     1   263   262   249
   440     1   249   250   263
   441     1   251   250   237
   442     1   237   238   251
   443     1   238   239   251
   444     1   252   251   239
   445     1   250   251   263
   446     1   264   263   251
   447     1   265   264   251
   448     1   251   252   265
   449     1   253   252   239
   450     1   239   240   253
   451     1   240   241   253
   452     1   254   253   241
   453     1   252   253   265
   454     1   266   265   253
   455     1   267   266   253
   456     1   253   254   267
   457     1   255   254   241
   458     1   241   242   255
   459     1   242   243   255
   460     1   256   255   243
   461     1   254   255   267
   462     1   268   267   255
   463     1   269   268   255
   464     1   255   256   269
   465     1   257   256   243
   466     1   243   244   257
   467     1   244   245   257
   468     1   258   257   245
   469     1   256   257   269
   470     1   270   269   257
   471     1   271   270   257
   472     1   257   258   271
   473     1   259   258   245
   474     1   245   246   259
   475     1   246   247   259
   476     1   260   259   247
   477     1   258   259   271
   478     1   272   271   259
   479     1   273   272   259
   480     1   259   260   273
   481     1   275   274   261
   482     1   261   262   275
   483     1   262   263   275
   484     1   276   275   263
   485     1   274   275   287
   486     1   288   287   275
   487     1   289   288   275
   488     1   275   276   289
   489     1   277   276   263
   490     1   263   264   277
   491     1   264   265   277
   492     1   278   277   265
   493     1   276   277   289
   494     1   290   289   277
   495     1   291   290   277
   496     1   277   278   291
   497     1   279   278   265
   498     1   265   266   279
   499     1   266   267   279
   500     1   280   279   267
   501     1   278   279   291
   502     1   292   291   279
   503     1   293   292   279
   504     1   279   280   293
   505     1   281   280   267
   506     1   267   268   281
   507     1   268   269   281
   508     1   282   281   269
   509     1   280   281   293
   510     1   294   293   281
   511     1   295   294   281
   512     1   281   282   295
   513     1   283   282   269
   514     1   269   270   283
   515     1   270   271   283
   516     1   284   283   271
   517     1   282   283   295
   518     1   296   295   283
   519     1   297   296   283
   520     1   283   284   297
   521     1   285   284   271
   522     1   271   272   285
   523     1   272   273   285
   524     1   286   285   273
   525     1   284   285   297
   526     1   298   297   285
   527     1   299   298   285
   528     1   285   286   299
   529     1   301   300   287
   530     1   287   288   301
   531     1   288   289   301
   532     1   302   301   289
   533     1   300   301   313
   534     1   314   313   301
   535     1   315   314   301
   536     1   301   302   315
   537     1   303   302   289
   538     1   289   290   303
   539     1   290   291   303
   540     1   304   303   291
   541     1   302   303   315
   542     1   316   315   303
   543     1   317   316   303
   544     1   303   304   317
   545     1   305   304   291
   546     1   291   292   305
   547     1   292   293   305
   548     1   306   305   293
   549     1   304   305   317
   550     1   318   317   305
   551     1   319   318   305
   552     1   305   306   319
   553     1   307   306   293
   554     1   293   294   307
   555     1   294   295   307
   556     1   308   307   295
   557     1   306   307   319
   558     1   320   319   307
   559     1   321   320   307
   560     1   307   308   321
   561     1   309   308   295
   562     1   295   296   309
   563     1   296   297   309
   564     1   310   309   297
   565     1   308   309   321
   566     1   322   321   309
   567     1   323   322   309
   568     1   309   310   323
   569     1   311   310   297
   570     1   297   298   311
   571     1   298   299   311
   572     1   312   311   299
   573     1   310   311   323
   574     1   324   323   311
   575     1   325   324   311
   576     1   311   312   325


NODE_COORDINATES  325  CARTESIAN
     1  5.0000          0.
     2  5.4167          0.
     3  5.8333          0.
     4  6.2500          0.
     5  6.6667          0.
     6  7.0833          0.
     7  7.5000          0.
     8  7.9167          0.
     9  8.3333          0.
    10  8.7500          0.
    11  9.1667          0.
    12  9.5833          0.
    13  10.000          0.
    14  4.9893     0.32702
    15  5.4069     0.38187
    16  5.8244     0.43672
    17  6.2420     0.49158
    18  6.6595     0.54643
    19  7.0771     0.60129
    20  7.4946     0.65614
    21  7.9122     0.71100
    22  8.3298     0.76585
    23  8.7473     0.82070
    24  9.1649     0.87556
    25  9.5824     0.93041
    26  10.000     0.98527
    27  4.9572     0.65263
    28  5.3775     0.76424
    29  5.7977     0.87586
    30  6.2179     0.98747
    31  6.6381      1.0991
    32  7.0584      1.2107
    33  7.4786      1.3223
    34  7.8988      1.4339
    35  8.3191      1.5455
    36  8.7393      1.6571
    37  9.1595      1.7688
    38  9.5798      1.8804
    39  10.000      1.9920
    40  4.9039     0.97545
    41  5.3286      1.1478
    42  5.7533      1.3201
    43  6.1779      1.4924
    44  6.6026      1.6647
    45  7.0273      1.8371
    46  7.4520      2.0094
    47  7.8766      2.1817
    48  8.3013      2.3540
    49  8.7260      2.5263
    50  9.1507      2.6987
    51  9.5753      2.8710
    52  10.000      3.0433
    53  4.8296      1.2941
    54  5.2605      1.5334
    55  5.6914      1.7728
    56  6.1222      2.0121
    57  6.5531      2.2515
    58  6.9840      2.4908
    59  7.4148      2.7302
    60  7.8457      2.9695
    61  8.2765      3.2088
    62  8.7074      3.4482
    63  9.1383      3.6875
    64  9.5691      3.9269
    65  10.000      4.1662
    66  4.7347      1.6072
    67  5.1734      1.9228
    68  5.6122      2.2384
    69  6.0510      2.5539
    70  6.4898      2.8695
    71  6.9285      3.1851
    72  7.3673      3.5007
    73  7.8061      3.8162
    74  8.2449      4.1318
    75  8.6837      4.4474
    76  9.1224      4.7630
    77  9.5612      5.0785
    78  10.000      5.3941
    79  4.6194      1.9134
    80  5.0678      2.3182
    81  5.5162      2.7230
    82  5.9645      3.1278
    83  6.4129      3.5326
    84  6.8613      3.9374
    85  7.3097      4.3423
    86  7.7581      4.7471
    87  8.2065      5.1519
    88  8.6548      5.5567
    89  9.1032      5.9615
    90  9.5516      6.3663
    91  10.000      6.7711
    92  4.4844      2.2114
    93  4.9440      2.7237
    94  5.4036      3.2359
    95  5.8633      3.7481
    96  6.3229      4.2604
    97  6.7825      4.7726
    98  7.2422      5.2849
    99  7.7018      5.7971
   100  8.1615      6.3093
   101  8.6211      6.8216
   102  9.0807      7.3338
   103  9.5404      7.8460
   104  10.000      8.3583
   105  4.3301      2.5000
   106  4.8026      3.1215
   107  5.2751      3.7431
   108  5.7476      4.3646
   109  6.2201      4.9861
   110  6.6926      5.6076
   111  7.1651      6.2291
   112  7.6376      6.8507
   113  8.1100      7.4722
   114  8.5825      8.0937
   115  9.0550      8.7152
   116  9.5275      9.3368
   117  10.000      9.9583
   118  4.1573      2.7779
   119  4.6442      3.5096
   120  5.1311      4.2413
   121  5.6180      4.9730
   122  6.1049      5.7047
   123  6.5918      6.4364
   124  7.0787      7.1681
   125  7.5656      7.8998
   126  8.0524      8.6315
   127  8.5393      9.3632
   128  9.0262      10.095
   129  9.5131      10.827
   130  10.000      11.558
   131  3.9668      3.0438
   132  4.4695      3.8860
   133  4.9723      4.7282
   134  5.4751      5.5704
   135  5.9778      6.4125
   136  6.4806      7.2547
   137  6.9834      8.0969
   138  7.4862      8.9391
   139  7.9889      9.7813
   140  8.4917      10.623
   141  8.9945      11.466
   142  9.4972      12.308
   143  10.000      13.150
   144  3.7592      3.2967
   145  4.2793      4.3095
   146  4.7993      5.3223
   147  5.3194      6.3350
   148  5.8395      7.3478
   149  6.3595      8.3606
   150  6.8796      9.3734
   151  7.3997      10.386
   152  7.9197      11.399
   153  8.4398      12.412
   154  8.9599      13.424
   155  9.4799      14.437
   156  10.000      15.450
   157  3.5355      3.5355
   158  4.0742      4.7409
   159  4.6129      5.9463
   160  5.1516      7.1517
   161  5.6904      8.3570
   162  6.2291      9.5624
   163  6.7678      10.768
   164  7.3065      11.973
   165  7.8452      13.179
   166  8.3839      14.384
   167  8.9226      15.589
   168  9.4613      16.795
   169  10.000      18.000
   170  3.2967      3.7592
   171  3.7777      4.9459
   172  4.2587      6.1327
   173  4.7397      7.3194
   174  5.2206      8.5061
   175  5.7016      9.6929
   176  6.1826      10.880
   177  6.6635      12.066
   178  7.1445      13.253
   179  7.6255      14.440
   180  8.1065      15.627
   181  8.5874      16.813
   182  9.0684      18.000
   183  3.0438      3.9668
   184  3.4705      5.1362
   185  3.8972      6.3056
   186  4.3239      7.4751
   187  4.7507      8.6445
   188  5.1774      9.8139
   189  5.6041      10.983
   190  6.0308      12.153
   191  6.4575      13.322
   192  6.8842      14.492
   193  7.3109      15.661
   194  7.7376      16.831
   195  8.1644      18.000
   196  2.7779      4.1573
   197  3.1534      5.3109
   198  3.5290      6.4645
   199  3.9045      7.6180
   200  4.2801      8.7716
   201  4.6556      9.9251
   202  5.0312      11.079
   203  5.4068      12.232
   204  5.7823      13.386
   205  6.1579      14.539
   206  6.5334      15.693
   207  6.9090      16.846
   208  7.2846      18.000
   209  2.5000      4.3301
   210  2.8272      5.4693
   211  3.1543      6.6084
   212  3.4815      7.7476
   213  3.8086      8.8868
   214  4.1358      10.026
   215  4.4629      11.165
   216  4.7901      12.304
   217  5.1172      13.443
   218  5.4444      14.583
   219  5.7715      15.722
   220  6.0987      16.861
   221  6.4258      18.000
   222  2.2114      4.4844
   223  2.4926      5.6107
   224  2.7737      6.7370
   225  3.0549      7.8633
   226  3.3360      8.9896
   227  3.6172      10.116
   228  3.8983      11.242
   229  4.1795      12.368
   230  4.4606      13.495
   231  4.7417      14.621
   232  5.0229      15.747
   233  5.3040      16.874
   234  5.5852      18.000
   235  1.9134      4.6194
   236  2.1506      5.7344
   237  2.3878      6.8495
   238  2.6250      7.9645
   239  2.8623      9.0796
   240  3.0995      10.195
   241  3.3367      11.310
   242  3.5739      12.425
   243  3.8111      13.540
   244  4.0483      14.655
   245  4.2855      15.770
   246  4.5227      16.885
   247  4.7599      18.000
   248  1.6072      4.7347
   249  1.8022      5.8401
   250  1.9973      6.9455
   251  2.1923      8.0510
   252  2.3873      9.1564
   253  2.5824      10.262
   254  2.7774      11.367
   255  2.9724      12.473
   256  3.1675      13.578
   257  3.3625      14.684
   258  3.5575      15.789
   259  3.7525      16.895
   260  3.9476      18.000
   261  1.2941      4.8296
   262  1.4484      5.9272
   263  1.6027      7.0247
   264  1.7570      8.1222
   265  1.9113      9.2198
   266  2.0656      10.317
   267  2.2199      11.415
   268  2.3742      12.512
   269  2.5285      13.610
   270  2.6828      14.707
   271  2.8371      15.805
   272  2.9914      16.902
   273  3.1457      18.000
   274 0.97545      4.9039
   275  1.0902      5.9953
   276  1.2049      7.0866
   277  1.3196      8.1779
   278  1.4344      9.2693
   279  1.5491      10.361
   280  1.6638      11.452
   281  1.7785      12.543
   282  1.8933      13.635
   283  2.0080      14.726
   284  2.1227      15.817
   285  2.2375      16.909
   286  2.3522      18.000
   287 0.65263      4.9572
   288 0.72864      6.0441
   289 0.80465      7.1310
   290 0.88066      8.2179
   291 0.95667      9.3048
   292  1.0327      10.392
   293  1.1087      11.479
   294  1.1847      12.566
   295  1.2607      13.652
   296  1.3367      14.739
   297  1.4127      15.826
   298  1.4887      16.913
   299  1.5648      18.000
   300 0.32702      4.9893
   301 0.36488      6.0735
   302 0.40274      7.1577
   303 0.44060      8.2420
   304 0.47847      9.3262
   305 0.51633      10.410
   306 0.55419      11.495
   307 0.59206      12.579
   308 0.62992      13.663
   309 0.66778      14.747
   310 0.70564      15.832
   311 0.74351      16.916
   312 0.78137      18.000
   313 0.00000      5.0000
   314 0.00000      6.0833
   315 0.00000      7.1667
   316 0.00000      8.2500
   317 0.00000      9.3333
   318 0.00000      10.417
   319 0.00000      11.500
   320 0.00000      12.583
   321 0.00000      13.667
   322 0.00000      14.750
   323 0.00000      15.833
   324 0.00000      16.917
   325 0.00000      18.000


THICKNESS  UNIFORM
1.000


NODES_WITH_PRESCRIBED_DISPLACEMENTS   26
     1      01      0.0000   0.0000          0.0000
     2      01      0.0000   0.0000          0.0000
     3      01      0.0000   0.0000          0.0000
     4      01      0.0000   0.0000          0.0000
     5      01      0.0000   0.0000          0.0000
     6      01      0.0000   0.0000          0.0000
     7      01      0.0000   0.0000          0.0000
     8      01      0.0000   0.0000          0.0000
     9      01      0.0000   0.0000          0.0000
    10      01      0.0000   0.0000          0.0000
    11      01      0.0000   0.0000          0.0000
    12      01      0.0000   0.0000          0.0000
    13      01      0.0000   0.0000          0.0000
   313      10      0.0000   0.0000          0.0000
   314      10      0.0000   0.0000          0.0000
   315      10      0.0000   0.0000          0.0000
   316      10      0.0000   0.0000          0.0000
   317      10      0.0000   0.0000          0.0000
   318      10      0.0000   0.0000          0.0000
   319      10      0.0000   0.0000          0.0000
   320      10      0.0000   0.0000          0.0000
   321      10      0.0000   0.0000          0.0000
   322      10      0.0000   0.0000          0.0000
   323      10      0.0000   0.0000          0.0000
   324      10      0.0000   0.0000          0.0000
   325      11      0.0000   1.0000          0.0000

MASTER_SLAVE_SETS  1
325  12  01
            169 182 195 208 221 234 247 260 273 286 299 312


MATERIALS  1
 1   VON_MISES
     0.000
    70.000  0.200
         2
         0.000  0.243
         4.000  1.043


LOADINGS  0

SOLUTION_ALGORITHM  2

INCREMENTS  7
      .020     1.0E-06     10    1 1 1 1 0
      .020     1.0E-06     10    1 1 1 1 0
      .020     1.0E-06     10    1 1 1 1 0
      .020     1.0E-06     10    1 1 1 1 0
      .020     1.0E-06     10    1 1 1 1 0
      .020     1.0E-06     10    1 1 1 1 0
      .020     1.0E-06     10    1 1 1 1 0
