TITLE vnotchbar_fbar
Example 14.9.1 - Finite strain bending of a v-notched Tresca bar (F-bar)

ANALYSIS_TYPE     2 (Plane strain)

LARGE_STRAIN_FORMULATION   ON

ELEMENT_GROUPS 1
  1 1 1

ELEMENT_TYPES 1
  1  QUAD_4_FBAR
       4 GP

ELEMENTS 312
       1 1    1    32   122    14
       2 1   14   122   123    15
       3 1   15   123   124    16
       4 1   16   124   125    17
       5 1   17   125    31     2
       6 1   32    33   126   122
       7 1  122   126   127   123
       8 1  123   127   128   124
       9 1  124   128   129   125
      10 1  125   129    30    31
      11 1   33    34   130   126
      12 1  126   130   131   127
      13 1  127   131   132   128
      14 1  128   132   133   129
      15 1  129   133    29    30
      16 1   34    35   134   130
      17 1  130   134   135   131
      18 1  131   135   136   132
      19 1  132   136   137   133
      20 1  133   137    28    29
      21 1   35    36   138   134
      22 1  134   138   139   135
      23 1  135   139   140   136
      24 1  136   140   141   137
      25 1  137   141    27    28
      26 1   36    37   142   138
      27 1  138   142   143   139
      28 1  139   143   144   140
      29 1  140   144   145   141
      30 1  141   145    26    27
      31 1   37    38   146   142
      32 1  142   146   147   143
      33 1  143   147   148   144
      34 1  144   148   149   145
      35 1  145   149    25    26
      36 1   38     5    42   146
      37 1  146    42    41   147
      38 1  147    41    40   148
      39 1  148    40    39   149
      40 1  149    39     4    25
      41 1    3   117   150    18
      42 1   18   150   151    19
      43 1   19   151   152    20
      44 1   20   152   153    21
      45 1   21   153   154    22
      46 1   22   154   155    23
      47 1   23   155   156    24
      48 1   24   156    25     4
      49 1  117   116   157   150
      50 1  150   157   158   151
      51 1  151   158   159   152
      52 1  152   159   160   153
      53 1  153   160   161   154
      54 1  154   161   162   155
      55 1  155   162   163   156
      56 1  156   163    26    25
      57 1  116   115   164   157
      58 1  157   164   165   158
      59 1  158   165   166   159
      60 1  159   166   167   160
      61 1  160   167   168   161
      62 1  161   168   169   162
      63 1  162   169   170   163
      64 1  163   170    27    26
      65 1  115   114   171   164
      66 1  164   171   172   165
      67 1  165   172   173   166
      68 1  166   173   174   167
      69 1  167   174   175   168
      70 1  168   175   176   169
      71 1  169   176   177   170
      72 1  170   177    28    27
      73 1  114   113   178   171
      74 1  171   178   179   172
      75 1  172   179   180   173
      76 1  173   180   181   174
      77 1  174   181   182   175
      78 1  175   182   183   176
      79 1  176   183   184   177
      80 1  177   184    29    28
      81 1  113   112   185   178
      82 1  178   185   186   179
      83 1  179   186   187   180
      84 1  180   187   188   181
      85 1  181   188   189   182
      86 1  182   189   190   183
      87 1  183   190   191   184
      88 1  184   191    30    29
      89 1  112   111   192   185
      90 1  185   192   193   186
      91 1  186   193   194   187
      92 1  187   194   195   188
      93 1  188   195   196   189
      94 1  189   196   197   190
      95 1  190   197   198   191
      96 1  191   198    31    30
      97 1  111    11    84   192
      98 1  192    84    83   193
      99 1  193    83    82   194
     100 1  194    82    81   195
     101 1  195    81    80   196
     102 1  196    80    79   197
     103 1  197    79    78   198
     104 1  198    78     2    31
     105 1    3    18   199   118
     106 1   18    19   200   199
     107 1   19    20   201   200
     108 1   20    21   202   201
     109 1   21    22   203   202
     110 1   22    23   204   203
     111 1   23    24   205   204
     112 1   24     4    39   205
     113 1  118   199   206   119
     114 1  199   200   207   206
     115 1  200   201   208   207
     116 1  201   202   209   208
     117 1  202   203   210   209
     118 1  203   204   211   210
     119 1  204   205   212   211
     120 1  205    39    40   212
     121 1  119   206   213   120
     122 1  206   207   214   213
     123 1  207   208   215   214
     124 1  208   209   216   215
     125 1  209   210   217   216
     126 1  210   211   218   217
     127 1  211   212   219   218
     128 1  212    40    41   219
     129 1  120   213   220   121
     130 1  213   214   221   220
     131 1  214   215   222   221
     132 1  215   216   223   222
     133 1  216   217   224   223
     134 1  217   218   225   224
     135 1  218   219   226   225
     136 1  219    41    42   226
     137 1  121   220    54     8
     138 1  220   221    55    54
     139 1  221   222    56    55
     140 1  222   223    57    56
     141 1  223   224    58    57
     142 1  224   225    59    58
     143 1  225   226    60    59
     144 1  226    42     5    60
     145 1    5    43   227    60
     146 1   43    44   228   227
     147 1   44    45   229   228
     148 1   45    46   230   229
     149 1   46     6    47   230
     150 1   60   227   231    59
     151 1  227   228   232   231
     152 1  228   229   233   232
     153 1  229   230   234   233
     154 1  230    47    48   234
     155 1   59   231   235    58
     156 1  231   232   236   235
     157 1  232   233   237   236
     158 1  233   234   238   237
     159 1  234    48    49   238
     160 1   58   235   239    57
     161 1  235   236   240   239
     162 1  236   237   241   240
     163 1  237   238   242   241
     164 1  238    49    50   242
     165 1   57   239   243    56
     166 1  239   240   244   243
     167 1  240   241   245   244
     168 1  241   242   246   245
     169 1  242    50    51   246
     170 1   56   243   247    55
     171 1  243   244   248   247
     172 1  244   245   249   248
     173 1  245   246   250   249
     174 1  246    51    52   250
     175 1   55   247   251    54
     176 1  247   248   252   251
     177 1  248   249   253   252
     178 1  249   250   254   253
     179 1  250    52    53   254
     180 1   54   251   103     8
     181 1  251   252   102   103
     182 1  252   253   101   102
     183 1  253   254   100   101
     184 1  254    53     7   100
     185 1    6    77   255    47
     186 1   47   255   256    48
     187 1   48   256   257    49
     188 1   49   257   258    50
     189 1   50   258   259    51
     190 1   51   259   260    52
     191 1   52   260   261    53
     192 1   53   261    61     7
     193 1   77    76   262   255
     194 1  255   262   263   256
     195 1  256   263   264   257
     196 1  257   264   265   258
     197 1  258   265   266   259
     198 1  259   266   267   260
     199 1  260   267   268   261
     200 1  261   268    62    61
     201 1   76    75   269   262
     202 1  262   269   270   263
     203 1  263   270   271   264
     204 1  264   271   272   265
     205 1  265   272   273   266
     206 1  266   273   274   267
     207 1  267   274   275   268
     208 1  268   275    63    62
     209 1   75    74   276   269
     210 1  269   276   277   270
     211 1  270   277   278   271
     212 1  271   278   279   272
     213 1  272   279   280   273
     214 1  273   280   281   274
     215 1  274   281   282   275
     216 1  275   282    64    63
     217 1   74    73   283   276
     218 1  276   283   284   277
     219 1  277   284   285   278
     220 1  278   285   286   279
     221 1  279   286   287   280
     222 1  280   287   288   281
     223 1  281   288   289   282
     224 1  282   289    65    64
     225 1   73    10    72   283
     226 1  283    72    71   284
     227 1  284    71    70   285
     228 1  285    70    69   286
     229 1  286    69    68   287
     230 1  287    68    67   288
     231 1  288    67    66   289
     232 1  289    66     9    65
     233 1   11   111   290    85
     234 1   85   290   291    86
     235 1   86   291   292    87
     236 1   87   292   293    88
     237 1   88   293   110    12
     238 1  111   112   294   290
     239 1  290   294   295   291
     240 1  291   295   296   292
     241 1  292   296   297   293
     242 1  293   297   109   110
     243 1  112   113   298   294
     244 1  294   298   299   295
     245 1  295   299   300   296
     246 1  296   300   301   297
     247 1  297   301   108   109
     248 1  113   114   302   298
     249 1  298   302   303   299
     250 1  299   303   304   300
     251 1  300   304   305   301
     252 1  301   305   107   108
     253 1  114   115   306   302
     254 1  302   306   307   303
     255 1  303   307   308   304
     256 1  304   308   309   305
     257 1  305   309   106   107
     258 1  115   116   310   306
     259 1  306   310   311   307
     260 1  307   311   312   308
     261 1  308   312   313   309
     262 1  309   313   105   106
     263 1  116   117   314   310
     264 1  310   314   315   311
     265 1  311   315   316   312
     266 1  312   316   317   313
     267 1  313   317   104   105
     268 1  117     3   118   314
     269 1  314   118   119   315
     270 1  315   119   120   316
     271 1  316   120   121   317
     272 1  317   121     8   104
     273 1   12   110   318    89
     274 1   89   318   319    90
     275 1   90   319   320    91
     276 1   91   320   321    92
     277 1   92   321    93    13
     278 1  110   109   322   318
     279 1  318   322   323   319
     280 1  319   323   324   320
     281 1  320   324   325   321
     282 1  321   325    94    93
     283 1  109   108   326   322
     284 1  322   326   327   323
     285 1  323   327   328   324
     286 1  324   328   329   325
     287 1  325   329    95    94
     288 1  108   107   330   326
     289 1  326   330   331   327
     290 1  327   331   332   328
     291 1  328   332   333   329
     292 1  329   333    96    95
     293 1  107   106   334   330
     294 1  330   334   335   331
     295 1  331   335   336   332
     296 1  332   336   337   333
     297 1  333   337    97    96
     298 1  106   105   338   334
     299 1  334   338   339   335
     300 1  335   339   340   336
     301 1  336   340   341   337
     302 1  337   341    98    97
     303 1  105   104   342   338
     304 1  338   342   343   339
     305 1  339   343   344   340
     306 1  340   344   345   341
     307 1  341   345    99    98
     308 1  104     8   103   342
     309 1  342   103   102   343
     310 1  343   102   101   344
     311 1  344   101   100   345
     312 1  345   100     7    99

NODE_COORDINATES 345  CARTESIAN
       1     0.0000000000e+00    -5.0000000000e+00
       2     0.0000000000e+00    -3.3333299000e+00
       3     1.6666701000e+00    -1.6666701000e+00
       4     1.6666701000e+00    -3.3333299000e+00
       5     3.3333299000e+00    -5.0000000000e+00
       6     6.3333302000e+00    -5.0000000000e+00
       7     6.3333302000e+00     3.0000000000e+00
       8     3.3333299000e+00     0.0000000000e+00
       9     4.0000000000e+01     3.0000000000e+00
      10     4.0000000000e+01    -5.0000000000e+00
      11     0.0000000000e+00    -1.6666701000e+00
      12     0.0000000000e+00     0.0000000000e+00
      13     3.0000000000e+00     3.0000000000e+00
      14     0.0000000000e+00    -4.6666659800e+00
      15     0.0000000000e+00    -4.3333319600e+00
      16     0.0000000000e+00    -3.9999979400e+00
      17     0.0000000000e+00    -3.6666639200e+00
      18     1.6666701000e+00    -1.8750025750e+00
      19     1.6666701000e+00    -2.0833350500e+00
      20     1.6666701000e+00    -2.2916675250e+00
      21     1.6666701000e+00    -2.5000000000e+00
      22     1.6666701000e+00    -2.7083324750e+00
      23     1.6666701000e+00    -2.9166649500e+00
      24     1.6666701000e+00    -3.1249974250e+00
      25     1.4583363375e+00    -3.3333299000e+00
      26     1.2500025750e+00    -3.3333299000e+00
      27     1.0416688125e+00    -3.3333299000e+00
      28     8.3333505000e-01    -3.3333299000e+00
      29     6.2500128750e-01    -3.3333299000e+00
      30     4.1666752500e-01    -3.3333299000e+00
      31     2.0833376250e-01    -3.3333299000e+00
      32     4.1666623750e-01    -5.0000000000e+00
      33     8.3333247500e-01    -5.0000000000e+00
      34     1.2499987125e+00    -5.0000000000e+00
      35     1.6666649500e+00    -5.0000000000e+00
      36     2.0833311875e+00    -5.0000000000e+00
      37     2.4999974250e+00    -5.0000000000e+00
      38     2.9166636625e+00    -5.0000000000e+00
      39     2.0000020600e+00    -3.6666639200e+00
      40     2.3333340200e+00    -3.9999979400e+00
      41     2.6666659800e+00    -4.3333319600e+00
      42     2.9999979400e+00    -4.6666659800e+00
      43     3.5608180744e+00    -5.0000000000e+00
      44     3.9020503360e+00    -5.0000000000e+00
      45     4.4138987284e+00    -5.0000000000e+00
      46     5.1816713171e+00    -5.0000000000e+00
      47     6.3333302000e+00    -4.0000000000e+00
      48     6.3333302000e+00    -3.0000000000e+00
      49     6.3333302000e+00    -2.0000000000e+00
      50     6.3333302000e+00    -1.0000000000e+00
      51     6.3333302000e+00     0.0000000000e+00
      52     6.3333302000e+00     1.0000000000e+00
      53     6.3333302000e+00     2.0000000000e+00
      54     3.3333299000e+00    -6.2500000000e-01
      55     3.3333299000e+00    -1.2500000000e+00
      56     3.3333299000e+00    -1.8750000000e+00
      57     3.3333299000e+00    -2.5000000000e+00
      58     3.3333299000e+00    -3.1250000000e+00
      59     3.3333299000e+00    -3.7500000000e+00
      60     3.3333299000e+00    -4.3750000000e+00
      61     8.9726050998e+00     3.0000000000e+00
      62     1.2403662470e+01     3.0000000000e+00
      63     1.6864037050e+01     3.0000000000e+00
      64     2.2662524005e+01     3.0000000000e+00
      65     3.0200557046e+01     3.0000000000e+00
      66     4.0000000000e+01     2.0000000000e+00
      67     4.0000000000e+01     1.0000000000e+00
      68     4.0000000000e+01     0.0000000000e+00
      69     4.0000000000e+01    -1.0000000000e+00
      70     4.0000000000e+01    -2.0000000000e+00
      71     4.0000000000e+01    -3.0000000000e+00
      72     4.0000000000e+01    -4.0000000000e+00
      73     3.0200557046e+01    -5.0000000000e+00
      74     2.2662524005e+01    -5.0000000000e+00
      75     1.6864037050e+01    -5.0000000000e+00
      76     1.2403662470e+01    -5.0000000000e+00
      77     8.9726050998e+00    -5.0000000000e+00
      78     0.0000000000e+00    -3.1249974250e+00
      79     0.0000000000e+00    -2.9166649500e+00
      80     0.0000000000e+00    -2.7083324750e+00
      81     0.0000000000e+00    -2.5000000000e+00
      82     0.0000000000e+00    -2.2916675250e+00
      83     0.0000000000e+00    -2.0833350500e+00
      84     0.0000000000e+00    -1.8750025750e+00
      85     0.0000000000e+00    -1.3333360800e+00
      86     0.0000000000e+00    -1.0000020600e+00
      87     0.0000000000e+00    -6.6666804000e-01
      88     0.0000000000e+00    -3.3333402000e-01
      89     2.2748815166e-01     2.2748815166e-01
      90     5.6872037915e-01     5.6872037915e-01
      91     1.0805687204e+00     1.0805687204e+00
      92     1.8483412322e+00     1.8483412322e+00
      93     3.4166662750e+00     3.0000000000e+00
      94     3.8333325500e+00     3.0000000000e+00
      95     4.2499988250e+00     3.0000000000e+00
      96     4.6666651000e+00     3.0000000000e+00
      97     5.0833313750e+00     3.0000000000e+00
      98     5.4999976500e+00     3.0000000000e+00
      99     5.9166639250e+00     3.0000000000e+00
     100     5.1816713171e+00     1.8483412322e+00
     101     4.4138987284e+00     1.0805687204e+00
     102     3.9020503360e+00     5.6872037915e-01
     103     3.5608180744e+00     2.2748815166e-01
     104     2.9166636625e+00     0.0000000000e+00
     105     2.4999974250e+00     0.0000000000e+00
     106     2.0833311875e+00     0.0000000000e+00
     107     1.6666649500e+00     0.0000000000e+00
     108     1.2499987125e+00     0.0000000000e+00
     109     8.3333247500e-01     0.0000000000e+00
     110     4.1666623750e-01     0.0000000000e+00
     111     2.0833376250e-01    -1.6666701000e+00
     112     4.1666752500e-01    -1.6666701000e+00
     113     6.2500128750e-01    -1.6666701000e+00
     114     8.3333505000e-01    -1.6666701000e+00
     115     1.0416688125e+00    -1.6666701000e+00
     116     1.2500025750e+00    -1.6666701000e+00
     117     1.4583363375e+00    -1.6666701000e+00
     118     2.0000020600e+00    -1.3333360800e+00
     119     2.3333340200e+00    -1.0000020600e+00
     120     2.6666659800e+00    -6.6666804000e-01
     121     2.9999979400e+00    -3.3333402000e-01
     122     3.7499974250e-01    -4.6666659800e+00
     123     3.3333324750e-01    -4.3333319600e+00
     124     2.9166675250e-01    -3.9999979400e+00
     125     2.5000025750e-01    -3.6666639200e+00
     126     7.4999948500e-01    -4.6666659800e+00
     127     6.6666649500e-01    -4.3333319600e+00
     128     5.8333350500e-01    -3.9999979400e+00
     129     5.0000051500e-01    -3.6666639200e+00
     130     1.1249992275e+00    -4.6666659800e+00
     131     9.9999974250e-01    -4.3333319600e+00
     132     8.7500025750e-01    -3.9999979400e+00
     133     7.5000077250e-01    -3.6666639200e+00
     134     1.4999989700e+00    -4.6666659800e+00
     135     1.3333329900e+00    -4.3333319600e+00
     136     1.1666670100e+00    -3.9999979400e+00
     137     1.0000010300e+00    -3.6666639200e+00
     138     1.8749987125e+00    -4.6666659800e+00
     139     1.6666662375e+00    -4.3333319600e+00
     140     1.4583337625e+00    -3.9999979400e+00
     141     1.2500012875e+00    -3.6666639200e+00
     142     2.2499984550e+00    -4.6666659800e+00
     143     1.9999994850e+00    -4.3333319600e+00
     144     1.7500005150e+00    -3.9999979400e+00
     145     1.5000015450e+00    -3.6666639200e+00
     146     2.6249981975e+00    -4.6666659800e+00
     147     2.3333327325e+00    -4.3333319600e+00
     148     2.0416672675e+00    -3.9999979400e+00
     149     1.7500018025e+00    -3.6666639200e+00
     150     1.4583363375e+00    -1.8750025750e+00
     151     1.4583363375e+00    -2.0833350500e+00
     152     1.4583363375e+00    -2.2916675250e+00
     153     1.4583363375e+00    -2.5000000000e+00
     154     1.4583363375e+00    -2.7083324750e+00
     155     1.4583363375e+00    -2.9166649500e+00
     156     1.4583363375e+00    -3.1249974250e+00
     157     1.2500025750e+00    -1.8750025750e+00
     158     1.2500025750e+00    -2.0833350500e+00
     159     1.2500025750e+00    -2.2916675250e+00
     160     1.2500025750e+00    -2.5000000000e+00
     161     1.2500025750e+00    -2.7083324750e+00
     162     1.2500025750e+00    -2.9166649500e+00
     163     1.2500025750e+00    -3.1249974250e+00
     164     1.0416688125e+00    -1.8750025750e+00
     165     1.0416688125e+00    -2.0833350500e+00
     166     1.0416688125e+00    -2.2916675250e+00
     167     1.0416688125e+00    -2.5000000000e+00
     168     1.0416688125e+00    -2.7083324750e+00
     169     1.0416688125e+00    -2.9166649500e+00
     170     1.0416688125e+00    -3.1249974250e+00
     171     8.3333505000e-01    -1.8750025750e+00
     172     8.3333505000e-01    -2.0833350500e+00
     173     8.3333505000e-01    -2.2916675250e+00
     174     8.3333505000e-01    -2.5000000000e+00
     175     8.3333505000e-01    -2.7083324750e+00
     176     8.3333505000e-01    -2.9166649500e+00
     177     8.3333505000e-01    -3.1249974250e+00
     178     6.2500128750e-01    -1.8750025750e+00
     179     6.2500128750e-01    -2.0833350500e+00
     180     6.2500128750e-01    -2.2916675250e+00
     181     6.2500128750e-01    -2.5000000000e+00
     182     6.2500128750e-01    -2.7083324750e+00
     183     6.2500128750e-01    -2.9166649500e+00
     184     6.2500128750e-01    -3.1249974250e+00
     185     4.1666752500e-01    -1.8750025750e+00
     186     4.1666752500e-01    -2.0833350500e+00
     187     4.1666752500e-01    -2.2916675250e+00
     188     4.1666752500e-01    -2.5000000000e+00
     189     4.1666752500e-01    -2.7083324750e+00
     190     4.1666752500e-01    -2.9166649500e+00
     191     4.1666752500e-01    -3.1249974250e+00
     192     2.0833376250e-01    -1.8750025750e+00
     193     2.0833376250e-01    -2.0833350500e+00
     194     2.0833376250e-01    -2.2916675250e+00
     195     2.0833376250e-01    -2.5000000000e+00
     196     2.0833376250e-01    -2.7083324750e+00
     197     2.0833376250e-01    -2.9166649500e+00
     198     2.0833376250e-01    -3.1249974250e+00
     199     2.0000020600e+00    -1.6250020600e+00
     200     2.0000020600e+00    -1.9166680400e+00
     201     2.0000020600e+00    -2.2083340200e+00
     202     2.0000020600e+00    -2.5000000000e+00
     203     2.0000020600e+00    -2.7916659800e+00
     204     2.0000020600e+00    -3.0833319600e+00
     205     2.0000020600e+00    -3.3749979400e+00
     206     2.3333340200e+00    -1.3750015450e+00
     207     2.3333340200e+00    -1.7500010300e+00
     208     2.3333340200e+00    -2.1250005150e+00
     209     2.3333340200e+00    -2.5000000000e+00
     210     2.3333340200e+00    -2.8749994850e+00
     211     2.3333340200e+00    -3.2499989700e+00
     212     2.3333340200e+00    -3.6249984550e+00
     213     2.6666659800e+00    -1.1250010300e+00
     214     2.6666659800e+00    -1.5833340200e+00
     215     2.6666659800e+00    -2.0416670100e+00
     216     2.6666659800e+00    -2.5000000000e+00
     217     2.6666659800e+00    -2.9583329900e+00
     218     2.6666659800e+00    -3.4166659800e+00
     219     2.6666659800e+00    -3.8749989700e+00
     220     2.9999979400e+00    -8.7500051500e-01
     221     2.9999979400e+00    -1.4166670100e+00
     222     2.9999979400e+00    -1.9583335050e+00
     223     2.9999979400e+00    -2.5000000000e+00
     224     2.9999979400e+00    -3.0416664950e+00
     225     2.9999979400e+00    -3.5833329900e+00
     226     2.9999979400e+00    -4.1249994850e+00
     227     3.5608180744e+00    -4.3465639810e+00
     228     3.9020503360e+00    -4.3039099526e+00
     229     4.4138987284e+00    -4.2399289100e+00
     230     5.1816713171e+00    -4.1439573460e+00
     231     3.5608180744e+00    -3.6931279621e+00
     232     3.9020503360e+00    -3.6078199052e+00
     233     4.4138987284e+00    -3.4798578199e+00
     234     5.1816713171e+00    -3.2879146919e+00
     235     3.5608180744e+00    -3.0396919431e+00
     236     3.9020503360e+00    -2.9117298578e+00
     237     4.4138987284e+00    -2.7197867299e+00
     238     5.1816713171e+00    -2.4318720379e+00
     239     3.5608180744e+00    -2.3862559242e+00
     240     3.9020503360e+00    -2.2156398104e+00
     241     4.4138987284e+00    -1.9597156398e+00
     242     5.1816713171e+00    -1.5758293839e+00
     243     3.5608180744e+00    -1.7328199052e+00
     244     3.9020503360e+00    -1.5195497630e+00
     245     4.4138987284e+00    -1.1996445498e+00
     246     5.1816713171e+00    -7.1978672986e-01
     247     3.5608180744e+00    -1.0793838863e+00
     248     3.9020503360e+00    -8.2345971564e-01
     249     4.4138987284e+00    -4.3957345972e-01
     250     5.1816713171e+00     1.3625592417e-01
     251     3.5608180744e+00    -4.2594786730e-01
     252     3.9020503360e+00    -1.2736966825e-01
     253     4.4138987284e+00     3.2049763033e-01
     254     5.1816713171e+00     9.9229857820e-01
     255     8.9726050998e+00    -4.0000000000e+00
     256     8.9726050998e+00    -3.0000000000e+00
     257     8.9726050998e+00    -2.0000000000e+00
     258     8.9726050998e+00    -1.0000000000e+00
     259     8.9726050998e+00    -2.2204460493e-16
     260     8.9726050998e+00     1.0000000000e+00
     261     8.9726050998e+00     2.0000000000e+00
     262     1.2403662470e+01    -4.0000000000e+00
     263     1.2403662470e+01    -3.0000000000e+00
     264     1.2403662470e+01    -2.0000000000e+00
     265     1.2403662470e+01    -1.0000000000e+00
     266     1.2403662470e+01     2.2204460493e-16
     267     1.2403662470e+01     1.0000000000e+00
     268     1.2403662470e+01     2.0000000000e+00
     269     1.6864037050e+01    -4.0000000000e+00
     270     1.6864037050e+01    -3.0000000000e+00
     271     1.6864037050e+01    -2.0000000000e+00
     272     1.6864037050e+01    -1.0000000000e+00
     273     1.6864037050e+01     0.0000000000e+00
     274     1.6864037050e+01     1.0000000000e+00
     275     1.6864037050e+01     2.0000000000e+00
     276     2.2662524005e+01    -4.0000000000e+00
     277     2.2662524005e+01    -3.0000000000e+00
     278     2.2662524005e+01    -2.0000000000e+00
     279     2.2662524005e+01    -1.0000000000e+00
     280     2.2662524005e+01    -2.2204460493e-16
     281     2.2662524005e+01     1.0000000000e+00
     282     2.2662524005e+01     2.0000000000e+00
     283     3.0200557046e+01    -4.0000000000e+00
     284     3.0200557046e+01    -3.0000000000e+00
     285     3.0200557046e+01    -2.0000000000e+00
     286     3.0200557046e+01    -1.0000000000e+00
     287     3.0200557046e+01    -2.2204460493e-16
     288     3.0200557046e+01     1.0000000000e+00
     289     3.0200557046e+01     2.0000000000e+00
     290     2.5000025750e-01    -1.3333360800e+00
     291     2.9166675250e-01    -1.0000020600e+00
     292     3.3333324750e-01    -6.6666804000e-01
     293     3.7499974250e-01    -3.3333402000e-01
     294     5.0000051500e-01    -1.3333360800e+00
     295     5.8333350500e-01    -1.0000020600e+00
     296     6.6666649500e-01    -6.6666804000e-01
     297     7.4999948500e-01    -3.3333402000e-01
     298     7.5000077250e-01    -1.3333360800e+00
     299     8.7500025750e-01    -1.0000020600e+00
     300     9.9999974250e-01    -6.6666804000e-01
     301     1.1249992275e+00    -3.3333402000e-01
     302     1.0000010300e+00    -1.3333360800e+00
     303     1.1666670100e+00    -1.0000020600e+00
     304     1.3333329900e+00    -6.6666804000e-01
     305     1.4999989700e+00    -3.3333402000e-01
     306     1.2500012875e+00    -1.3333360800e+00
     307     1.4583337625e+00    -1.0000020600e+00
     308     1.6666662375e+00    -6.6666804000e-01
     309     1.8749987125e+00    -3.3333402000e-01
     310     1.5000015450e+00    -1.3333360800e+00
     311     1.7500005150e+00    -1.0000020600e+00
     312     1.9999994850e+00    -6.6666804000e-01
     313     2.2499984550e+00    -3.3333402000e-01
     314     1.7500018025e+00    -1.3333360800e+00
     315     2.0416672675e+00    -1.0000020600e+00
     316     2.3333327325e+00    -6.6666804000e-01
     317     2.6249981975e+00    -3.3333402000e-01
     318     6.4415439200e-01     2.2748815166e-01
     319     9.8538662376e-01     5.6872037915e-01
     320     1.4972349714e+00     1.0805687204e+00
     321     2.2650074928e+00     1.8483412322e+00
     322     1.0608206323e+00     2.2748815166e-01
     323     1.4020528684e+00     5.6872037915e-01
     324     1.9139012224e+00     1.0805687204e+00
     325     2.6816737534e+00     1.8483412322e+00
     326     1.4774868727e+00     2.2748815166e-01
     327     1.8187191130e+00     5.6872037915e-01
     328     2.3305674734e+00     1.0805687204e+00
     329     3.0983400140e+00     1.8483412322e+00
     330     1.8941531130e+00     2.2748815166e-01
     331     2.2353853576e+00     5.6872037915e-01
     332     2.7472337244e+00     1.0805687204e+00
     333     3.5150062746e+00     1.8483412322e+00
     334     2.3108193534e+00     2.2748815166e-01
     335     2.6520516022e+00     5.6872037915e-01
     336     3.1638999754e+00     1.0805687204e+00
     337     3.9316725352e+00     1.8483412322e+00
     338     2.7274855937e+00     2.2748815166e-01
     339     3.0687178468e+00     5.6872037915e-01
     340     3.5805662264e+00     1.0805687204e+00
     341     4.3483387959e+00     1.8483412322e+00
     342     3.1441518341e+00     2.2748815166e-01
     343     3.4853840914e+00     5.6872037915e-01
     344     3.9972324774e+00     1.0805687204e+00
     345     4.7650050565e+00     1.8483412322e+00

MATERIALS 1
  1 TRESCA
     0.0
     210.0  0.3
       2
       0.000     0.24
       1.000     0.24

NODES_WITH_PRESCRIBED_DISPLACEMENTS 19
       1     11    0.000 0.000   0.000
       2     10    0.000 0.000   0.000
      11     10    0.000 0.000   0.000
      12     10    0.000 0.000   0.000
      14     10    0.000 0.000   0.000
      15     10    0.000 0.000   0.000
      16     10    0.000 0.000   0.000
      17     10    0.000 0.000   0.000
      78     10    0.000 0.000   0.000
      79     10    0.000 0.000   0.000
      80     10    0.000 0.000   0.000
      81     10    0.000 0.000   0.000
      82     10    0.000 0.000   0.000
      83     10    0.000 0.000   0.000
      84     10    0.000 0.000   0.000
      85     10    0.000 0.000   0.000
      86     10    0.000 0.000   0.000
      87     10    0.000 0.000   0.000
      88     10    0.000 0.000   0.000

LOADINGS  POINT
POINT_LOADS 2
       9       0.375 0.00
      10      -0.375 0.00

SOLUTION_ALGORITHM  -2
ARC_LENGTH_PREDICTOR_OPTION    SECANT_PATH

INCREMENTS 30
 0.1       0.10000E-06    11  1 1 0 1 0   8   5.000000    20.0
