TITLE
Example 16.8.2 - Unsymmetric localisation  (clamped ends)

ANALYSIS_TYPE     2 (Plane strain)

LARGE_STRAIN_FORMULATION   ON

ELEMENT_GROUPS 2
  1 1 1
  2 1 2

ELEMENT_TYPES 1
  1  QUAD_4_FBAR
       4 GP


ELEMENTS  1200
     1     1     1     2    23    22
     2     1     2     3    24    23
     3     1     3     4    25    24
     4     1     4     5    26    25
     5     1     5     6    27    26
     6     1     6     7    28    27
     7     1     7     8    29    28
     8     1     8     9    30    29
     9     1     9    10    31    30
    10     1    10    11    32    31
    11     1    11    12    33    32
    12     1    12    13    34    33
    13     1    13    14    35    34
    14     1    14    15    36    35
    15     1    15    16    37    36
    16     1    16    17    38    37
    17     1    17    18    39    38
    18     1    18    19    40    39
    19     1    19    20    41    40
    20     1    20    21    42    41
    21     1    22    23    44    43
    22     1    23    24    45    44
    23     1    24    25    46    45
    24     1    25    26    47    46
    25     1    26    27    48    47
    26     1    27    28    49    48
    27     1    28    29    50    49
    28     1    29    30    51    50
    29     1    30    31    52    51
    30     1    31    32    53    52
    31     1    32    33    54    53
    32     1    33    34    55    54
    33     1    34    35    56    55
    34     1    35    36    57    56
    35     1    36    37    58    57
    36     1    37    38    59    58
    37     1    38    39    60    59
    38     1    39    40    61    60
    39     1    40    41    62    61
    40     1    41    42    63    62
    41     1    43    44    65    64
    42     1    44    45    66    65
    43     1    45    46    67    66
    44     1    46    47    68    67
    45     1    47    48    69    68
    46     1    48    49    70    69
    47     1    49    50    71    70
    48     1    50    51    72    71
    49     1    51    52    73    72
    50     1    52    53    74    73
    51     1    53    54    75    74
    52     1    54    55    76    75
    53     1    55    56    77    76
    54     1    56    57    78    77
    55     1    57    58    79    78
    56     1    58    59    80    79
    57     1    59    60    81    80
    58     1    60    61    82    81
    59     1    61    62    83    82
    60     1    62    63    84    83
    61     1    64    65    86    85
    62     1    65    66    87    86
    63     1    66    67    88    87
    64     1    67    68    89    88
    65     1    68    69    90    89
    66     1    69    70    91    90
    67     1    70    71    92    91
    68     1    71    72    93    92
    69     1    72    73    94    93
    70     1    73    74    95    94
    71     1    74    75    96    95
    72     1    75    76    97    96
    73     1    76    77    98    97
    74     1    77    78    99    98
    75     1    78    79   100    99
    76     1    79    80   101   100
    77     1    80    81   102   101
    78     1    81    82   103   102
    79     1    82    83   104   103
    80     1    83    84   105   104
    81     1    85    86   107   106
    82     1    86    87   108   107
    83     1    87    88   109   108
    84     1    88    89   110   109
    85     1    89    90   111   110
    86     1    90    91   112   111
    87     1    91    92   113   112
    88     1    92    93   114   113
    89     1    93    94   115   114
    90     1    94    95   116   115
    91     1    95    96   117   116
    92     1    96    97   118   117
    93     1    97    98   119   118
    94     1    98    99   120   119
    95     1    99   100   121   120
    96     1   100   101   122   121
    97     1   101   102   123   122
    98     1   102   103   124   123
    99     1   103   104   125   124
   100     1   104   105   126   125
   101     1   106   107   128   127
   102     1   107   108   129   128
   103     1   108   109   130   129
   104     1   109   110   131   130
   105     1   110   111   132   131
   106     1   111   112   133   132
   107     1   112   113   134   133
   108     1   113   114   135   134
   109     1   114   115   136   135
   110     1   115   116   137   136
   111     1   116   117   138   137
   112     1   117   118   139   138
   113     1   118   119   140   139
   114     1   119   120   141   140
   115     1   120   121   142   141
   116     1   121   122   143   142
   117     1   122   123   144   143
   118     1   123   124   145   144
   119     1   124   125   146   145
   120     1   125   126   147   146
   121     1   127   128   149   148
   122     1   128   129   150   149
   123     1   129   130   151   150
   124     1   130   131   152   151
   125     1   131   132   153   152
   126     1   132   133   154   153
   127     1   133   134   155   154
   128     1   134   135   156   155
   129     1   135   136   157   156
   130     1   136   137   158   157
   131     1   137   138   159   158
   132     1   138   139   160   159
   133     1   139   140   161   160
   134     1   140   141   162   161
   135     1   141   142   163   162
   136     1   142   143   164   163
   137     1   143   144   165   164
   138     1   144   145   166   165
   139     1   145   146   167   166
   140     1   146   147   168   167
   141     1   148   149   170   169
   142     1   149   150   171   170
   143     1   150   151   172   171
   144     1   151   152   173   172
   145     1   152   153   174   173
   146     1   153   154   175   174
   147     1   154   155   176   175
   148     1   155   156   177   176
   149     1   156   157   178   177
   150     1   157   158   179   178
   151     1   158   159   180   179
   152     1   159   160   181   180
   153     1   160   161   182   181
   154     1   161   162   183   182
   155     1   162   163   184   183
   156     1   163   164   185   184
   157     1   164   165   186   185
   158     1   165   166   187   186
   159     1   166   167   188   187
   160     1   167   168   189   188
   161     1   169   170   191   190
   162     1   170   171   192   191
   163     1   171   172   193   192
   164     1   172   173   194   193
   165     1   173   174   195   194
   166     1   174   175   196   195
   167     1   175   176   197   196
   168     1   176   177   198   197
   169     1   177   178   199   198
   170     1   178   179   200   199
   171     1   179   180   201   200
   172     1   180   181   202   201
   173     1   181   182   203   202
   174     1   182   183   204   203
   175     1   183   184   205   204
   176     1   184   185   206   205
   177     1   185   186   207   206
   178     1   186   187   208   207
   179     1   187   188   209   208
   180     1   188   189   210   209
   181     1   190   191   212   211
   182     1   191   192   213   212
   183     1   192   193   214   213
   184     1   193   194   215   214
   185     1   194   195   216   215
   186     1   195   196   217   216
   187     1   196   197   218   217
   188     1   197   198   219   218
   189     1   198   199   220   219
   190     1   199   200   221   220
   191     1   200   201   222   221
   192     1   201   202   223   222
   193     1   202   203   224   223
   194     1   203   204   225   224
   195     1   204   205   226   225
   196     1   205   206   227   226
   197     1   206   207   228   227
   198     1   207   208   229   228
   199     1   208   209   230   229
   200     1   209   210   231   230
   201     1   211   212   233   232
   202     1   212   213   234   233
   203     1   213   214   235   234
   204     1   214   215   236   235
   205     1   215   216   237   236
   206     1   216   217   238   237
   207     1   217   218   239   238
   208     1   218   219   240   239
   209     1   219   220   241   240
   210     1   220   221   242   241
   211     1   221   222   243   242
   212     1   222   223   244   243
   213     1   223   224   245   244
   214     1   224   225   246   245
   215     1   225   226   247   246
   216     1   226   227   248   247
   217     1   227   228   249   248
   218     1   228   229   250   249
   219     1   229   230   251   250
   220     1   230   231   252   251
   221     1   232   233   254   253
   222     1   233   234   255   254
   223     1   234   235   256   255
   224     1   235   236   257   256
   225     1   236   237   258   257
   226     1   237   238   259   258
   227     1   238   239   260   259
   228     1   239   240   261   260
   229     1   240   241   262   261
   230     1   241   242   263   262
   231     1   242   243   264   263
   232     1   243   244   265   264
   233     1   244   245   266   265
   234     1   245   246   267   266
   235     1   246   247   268   267
   236     1   247   248   269   268
   237     1   248   249   270   269
   238     1   249   250   271   270
   239     1   250   251   272   271
   240     1   251   252   273   272
   241     1   253   254   275   274
   242     1   254   255   276   275
   243     1   255   256   277   276
   244     1   256   257   278   277
   245     1   257   258   279   278
   246     1   258   259   280   279
   247     1   259   260   281   280
   248     1   260   261   282   281
   249     1   261   262   283   282
   250     1   262   263   284   283
   251     1   263   264   285   284
   252     1   264   265   286   285
   253     1   265   266   287   286
   254     1   266   267   288   287
   255     1   267   268   289   288
   256     1   268   269   290   289
   257     1   269   270   291   290
   258     1   270   271   292   291
   259     1   271   272   293   292
   260     1   272   273   294   293
   261     1   274   275   296   295
   262     1   275   276   297   296
   263     1   276   277   298   297
   264     1   277   278   299   298
   265     1   278   279   300   299
   266     1   279   280   301   300
   267     1   280   281   302   301
   268     1   281   282   303   302
   269     1   282   283   304   303
   270     1   283   284   305   304
   271     1   284   285   306   305
   272     1   285   286   307   306
   273     1   286   287   308   307
   274     1   287   288   309   308
   275     1   288   289   310   309
   276     1   289   290   311   310
   277     1   290   291   312   311
   278     1   291   292   313   312
   279     1   292   293   314   313
   280     1   293   294   315   314
   281     1   295   296   317   316
   282     1   296   297   318   317
   283     1   297   298   319   318
   284     1   298   299   320   319
   285     1   299   300   321   320
   286     1   300   301   322   321
   287     1   301   302   323   322
   288     1   302   303   324   323
   289     1   303   304   325   324
   290     1   304   305   326   325
   291     1   305   306   327   326
   292     1   306   307   328   327
   293     1   307   308   329   328
   294     1   308   309   330   329
   295     1   309   310   331   330
   296     1   310   311   332   331
   297     1   311   312   333   332
   298     1   312   313   334   333
   299     1   313   314   335   334
   300     1   314   315   336   335
   301     1   316   317   338   337
   302     1   317   318   339   338
   303     1   318   319   340   339
   304     1   319   320   341   340
   305     1   320   321   342   341
   306     1   321   322   343   342
   307     1   322   323   344   343
   308     1   323   324   345   344
   309     1   324   325   346   345
   310     1   325   326   347   346
   311     1   326   327   348   347
   312     1   327   328   349   348
   313     1   328   329   350   349
   314     1   329   330   351   350
   315     1   330   331   352   351
   316     1   331   332   353   352
   317     1   332   333   354   353
   318     1   333   334   355   354
   319     1   334   335   356   355
   320     1   335   336   357   356
   321     1   337   338   359   358
   322     1   338   339   360   359
   323     1   339   340   361   360
   324     1   340   341   362   361
   325     1   341   342   363   362
   326     1   342   343   364   363
   327     1   343   344   365   364
   328     1   344   345   366   365
   329     1   345   346   367   366
   330     1   346   347   368   367
   331     1   347   348   369   368
   332     1   348   349   370   369
   333     1   349   350   371   370
   334     1   350   351   372   371
   335     1   351   352   373   372
   336     1   352   353   374   373
   337     1   353   354   375   374
   338     1   354   355   376   375
   339     1   355   356   377   376
   340     1   356   357   378   377
   341     1   358   359   380   379
   342     1   359   360   381   380
   343     1   360   361   382   381
   344     1   361   362   383   382
   345     1   362   363   384   383
   346     1   363   364   385   384
   347     1   364   365   386   385
   348     1   365   366   387   386
   349     1   366   367   388   387
   350     1   367   368   389   388
   351     1   368   369   390   389
   352     1   369   370   391   390
   353     1   370   371   392   391
   354     1   371   372   393   392
   355     1   372   373   394   393
   356     1   373   374   395   394
   357     1   374   375   396   395
   358     1   375   376   397   396
   359     1   376   377   398   397
   360     1   377   378   399   398
   361     1   379   380   401   400
   362     1   380   381   402   401
   363     1   381   382   403   402
   364     1   382   383   404   403
   365     1   383   384   405   404
   366     1   384   385   406   405
   367     1   385   386   407   406
   368     1   386   387   408   407
   369     1   387   388   409   408
   370     1   388   389   410   409
   371     1   389   390   411   410
   372     1   390   391   412   411
   373     1   391   392   413   412
   374     1   392   393   414   413
   375     1   393   394   415   414
   376     1   394   395   416   415
   377     1   395   396   417   416
   378     1   396   397   418   417
   379     1   397   398   419   418
   380     1   398   399   420   419
   381     1   400   401   422   421
   382     1   401   402   423   422
   383     1   402   403   424   423
   384     1   403   404   425   424
   385     1   404   405   426   425
   386     1   405   406   427   426
   387     1   406   407   428   427
   388     1   407   408   429   428
   389     1   408   409   430   429
   390     1   409   410   431   430
   391     1   410   411   432   431
   392     1   411   412   433   432
   393     1   412   413   434   433
   394     1   413   414   435   434
   395     1   414   415   436   435
   396     1   415   416   437   436
   397     1   416   417   438   437
   398     1   417   418   439   438
   399     1   418   419   440   439
   400     1   419   420   441   440
   401     1   421   422   443   442
   402     1   422   423   444   443
   403     1   423   424   445   444
   404     1   424   425   446   445
   405     1   425   426   447   446
   406     1   426   427   448   447
   407     1   427   428   449   448
   408     1   428   429   450   449
   409     1   429   430   451   450
   410     1   430   431   452   451
   411     1   431   432   453   452
   412     1   432   433   454   453
   413     1   433   434   455   454
   414     1   434   435   456   455
   415     1   435   436   457   456
   416     1   436   437   458   457
   417     1   437   438   459   458
   418     1   438   439   460   459
   419     1   439   440   461   460
   420     1   440   441   462   461
   421     1   442   443   464   463
   422     1   443   444   465   464
   423     1   444   445   466   465
   424     1   445   446   467   466
   425     1   446   447   468   467
   426     1   447   448   469   468
   427     1   448   449   470   469
   428     1   449   450   471   470
   429     1   450   451   472   471
   430     1   451   452   473   472
   431     1   452   453   474   473
   432     1   453   454   475   474
   433     1   454   455   476   475
   434     1   455   456   477   476
   435     1   456   457   478   477
   436     1   457   458   479   478
   437     1   458   459   480   479
   438     1   459   460   481   480
   439     1   460   461   482   481
   440     1   461   462   483   482
   441     1   463   464   485   484
   442     1   464   465   486   485
   443     1   465   466   487   486
   444     1   466   467   488   487
   445     1   467   468   489   488
   446     1   468   469   490   489
   447     1   469   470   491   490
   448     1   470   471   492   491
   449     1   471   472   493   492
   450     1   472   473   494   493
   451     1   473   474   495   494
   452     1   474   475   496   495
   453     1   475   476   497   496
   454     1   476   477   498   497
   455     1   477   478   499   498
   456     1   478   479   500   499
   457     1   479   480   501   500
   458     1   480   481   502   501
   459     1   481   482   503   502
   460     1   482   483   504   503
   461     1   484   485   506   505
   462     1   485   486   507   506
   463     1   486   487   508   507
   464     1   487   488   509   508
   465     1   488   489   510   509
   466     1   489   490   511   510
   467     1   490   491   512   511
   468     1   491   492   513   512
   469     1   492   493   514   513
   470     1   493   494   515   514
   471     1   494   495   516   515
   472     1   495   496   517   516
   473     1   496   497   518   517
   474     1   497   498   519   518
   475     1   498   499   520   519
   476     1   499   500   521   520
   477     1   500   501   522   521
   478     1   501   502   523   522
   479     1   502   503   524   523
   480     1   503   504   525   524
   481     1   505   506   527   526
   482     1   506   507   528   527
   483     1   507   508   529   528
   484     1   508   509   530   529
   485     1   509   510   531   530
   486     1   510   511   532   531
   487     1   511   512   533   532
   488     1   512   513   534   533
   489     1   513   514   535   534
   490     1   514   515   536   535
   491     1   515   516   537   536
   492     1   516   517   538   537
   493     1   517   518   539   538
   494     1   518   519   540   539
   495     1   519   520   541   540
   496     1   520   521   542   541
   497     1   521   522   543   542
   498     1   522   523   544   543
   499     1   523   524   545   544
   500     1   524   525   546   545
   501     1   526   527   548   547
   502     1   527   528   549   548
   503     1   528   529   550   549
   504     1   529   530   551   550
   505     1   530   531   552   551
   506     1   531   532   553   552
   507     1   532   533   554   553
   508     1   533   534   555   554
   509     1   534   535   556   555
   510     1   535   536   557   556
   511     1   536   537   558   557
   512     1   537   538   559   558
   513     1   538   539   560   559
   514     1   539   540   561   560
   515     1   540   541   562   561
   516     1   541   542   563   562
   517     1   542   543   564   563
   518     1   543   544   565   564
   519     1   544   545   566   565
   520     1   545   546   567   566
   521     1   547   548   569   568
   522     1   548   549   570   569
   523     1   549   550   571   570
   524     1   550   551   572   571
   525     1   551   552   573   572
   526     1   552   553   574   573
   527     1   553   554   575   574
   528     1   554   555   576   575
   529     1   555   556   577   576
   530     1   556   557   578   577
   531     1   557   558   579   578
   532     1   558   559   580   579
   533     1   559   560   581   580
   534     1   560   561   582   581
   535     1   561   562   583   582
   536     1   562   563   584   583
   537     1   563   564   585   584
   538     1   564   565   586   585
   539     1   565   566   587   586
   540     1   566   567   588   587
   541     1   568   569   590   589
   542     1   569   570   591   590
   543     1   570   571   592   591
   544     1   571   572   593   592
   545     1   572   573   594   593
   546     1   573   574   595   594
   547     1   574   575   596   595
   548     1   575   576   597   596
   549     1   576   577   598   597
   550     1   577   578   599   598
   551     1   578   579   600   599
   552     1   579   580   601   600
   553     1   580   581   602   601
   554     1   581   582   603   602
   555     1   582   583   604   603
   556     1   583   584   605   604
   557     1   584   585   606   605
   558     1   585   586   607   606
   559     1   586   587   608   607
   560     1   587   588   609   608
   561     1   589   590   611   610
   562     1   590   591   612   611
   563     1   591   592   613   612
   564     1   592   593   614   613
   565     1   593   594   615   614
   566     1   594   595   616   615
   567     1   595   596   617   616
   568     1   596   597   618   617
   569     1   597   598   619   618
   570     1   598   599   620   619
   571     1   599   600   621   620
   572     1   600   601   622   621
   573     1   601   602   623   622
   574     1   602   603   624   623
   575     1   603   604   625   624
   576     1   604   605   626   625
   577     1   605   606   627   626
   578     1   606   607   628   627
   579     1   607   608   629   628
   580     1   608   609   630   629
   581     1   610   611   632   631
   582     1   611   612   633   632
   583     1   612   613   634   633
   584     1   613   614   635   634
   585     1   614   615   636   635
   586     1   615   616   637   636
   587     1   616   617   638   637
   588     1   617   618   639   638
   589     1   618   619   640   639
   590     1   619   620   641   640
   591     1   620   621   642   641
   592     1   621   622   643   642
   593     1   622   623   644   643
   594     1   623   624   645   644
   595     1   624   625   646   645
   596     1   625   626   647   646
   597     1   626   627   648   647
   598     1   627   628   649   648
   599     1   628   629   650   649
   600     1   629   630   651   650
   601     1   631   632   653   652
   602     1   632   633   654   653
   603     1   633   634   655   654
   604     1   634   635   656   655
   605     1   635   636   657   656
   606     1   636   637   658   657
   607     1   637   638   659   658
   608     1   638   639   660   659
   609     1   639   640   661   660
   610     1   640   641   662   661
   611     1   641   642   663   662
   612     1   642   643   664   663
   613     1   643   644   665   664
   614     1   644   645   666   665
   615     1   645   646   667   666
   616     1   646   647   668   667
   617     1   647   648   669   668
   618     1   648   649   670   669
   619     1   649   650   671   670
   620     1   650   651   672   671
   621     1   652   653   674   673
   622     1   653   654   675   674
   623     1   654   655   676   675
   624     1   655   656   677   676
   625     1   656   657   678   677
   626     1   657   658   679   678
   627     1   658   659   680   679
   628     1   659   660   681   680
   629     1   660   661   682   681
   630     1   661   662   683   682
   631     1   662   663   684   683
   632     1   663   664   685   684
   633     1   664   665   686   685
   634     1   665   666   687   686
   635     1   666   667   688   687
   636     1   667   668   689   688
   637     1   668   669   690   689
   638     1   669   670   691   690
   639     1   670   671   692   691
   640     1   671   672   693   692
   641     1   673   674   695   694
   642     1   674   675   696   695
   643     1   675   676   697   696
   644     1   676   677   698   697
   645     1   677   678   699   698
   646     1   678   679   700   699
   647     1   679   680   701   700
   648     1   680   681   702   701
   649     1   681   682   703   702
   650     1   682   683   704   703
   651     1   683   684   705   704
   652     1   684   685   706   705
   653     1   685   686   707   706
   654     1   686   687   708   707
   655     1   687   688   709   708
   656     1   688   689   710   709
   657     1   689   690   711   710
   658     1   690   691   712   711
   659     1   691   692   713   712
   660     1   692   693   714   713
   661     1   694   695   716   715
   662     1   695   696   717   716
   663     1   696   697   718   717
   664     1   697   698   719   718
   665     1   698   699   720   719
   666     1   699   700   721   720
   667     1   700   701   722   721
   668     1   701   702   723   722
   669     1   702   703   724   723
   670     1   703   704   725   724
   671     1   704   705   726   725
   672     1   705   706   727   726
   673     1   706   707   728   727
   674     1   707   708   729   728
   675     1   708   709   730   729
   676     1   709   710   731   730
   677     1   710   711   732   731
   678     1   711   712   733   732
   679     1   712   713   734   733
   680     1   713   714   735   734
   681     1   715   716   737   736
   682     1   716   717   738   737
   683     1   717   718   739   738
   684     1   718   719   740   739
   685     1   719   720   741   740
   686     1   720   721   742   741
   687     1   721   722   743   742
   688     1   722   723   744   743
   689     1   723   724   745   744
   690     1   724   725   746   745
   691     1   725   726   747   746
   692     1   726   727   748   747
   693     1   727   728   749   748
   694     1   728   729   750   749
   695     1   729   730   751   750
   696     1   730   731   752   751
   697     1   731   732   753   752
   698     1   732   733   754   753
   699     1   733   734   755   754
   700     1   734   735   756   755
   701     1   736   737   758   757
   702     1   737   738   759   758
   703     1   738   739   760   759
   704     1   739   740   761   760
   705     1   740   741   762   761
   706     1   741   742   763   762
   707     1   742   743   764   763
   708     1   743   744   765   764
   709     1   744   745   766   765
   710     1   745   746   767   766
   711     1   746   747   768   767
   712     1   747   748   769   768
   713     1   748   749   770   769
   714     1   749   750   771   770
   715     1   750   751   772   771
   716     1   751   752   773   772
   717     1   752   753   774   773
   718     1   753   754   775   774
   719     1   754   755   776   775
   720     1   755   756   777   776
   721     1   757   758   779   778
   722     1   758   759   780   779
   723     1   759   760   781   780
   724     1   760   761   782   781
   725     1   761   762   783   782
   726     1   762   763   784   783
   727     1   763   764   785   784
   728     1   764   765   786   785
   729     1   765   766   787   786
   730     1   766   767   788   787
   731     1   767   768   789   788
   732     1   768   769   790   789
   733     1   769   770   791   790
   734     1   770   771   792   791
   735     1   771   772   793   792
   736     1   772   773   794   793
   737     1   773   774   795   794
   738     1   774   775   796   795
   739     1   775   776   797   796
   740     1   776   777   798   797
   741     1   778   779   800   799
   742     1   779   780   801   800
   743     1   780   781   802   801
   744     1   781   782   803   802
   745     1   782   783   804   803
   746     1   783   784   805   804
   747     1   784   785   806   805
   748     1   785   786   807   806
   749     1   786   787   808   807
   750     1   787   788   809   808
   751     1   788   789   810   809
   752     1   789   790   811   810
   753     1   790   791   812   811
   754     1   791   792   813   812
   755     1   792   793   814   813
   756     1   793   794   815   814
   757     1   794   795   816   815
   758     1   795   796   817   816
   759     1   796   797   818   817
   760     1   797   798   819   818
   761     1   799   800   821   820
   762     1   800   801   822   821
   763     1   801   802   823   822
   764     1   802   803   824   823
   765     1   803   804   825   824
   766     1   804   805   826   825
   767     1   805   806   827   826
   768     1   806   807   828   827
   769     1   807   808   829   828
   770     1   808   809   830   829
   771     1   809   810   831   830
   772     1   810   811   832   831
   773     1   811   812   833   832
   774     1   812   813   834   833
   775     1   813   814   835   834
   776     1   814   815   836   835
   777     1   815   816   837   836
   778     1   816   817   838   837
   779     1   817   818   839   838
   780     1   818   819   840   839
   781     1   820   821   842   841
   782     1   821   822   843   842
   783     1   822   823   844   843
   784     1   823   824   845   844
   785     1   824   825   846   845
   786     1   825   826   847   846
   787     1   826   827   848   847
   788     1   827   828   849   848
   789     1   828   829   850   849
   790     1   829   830   851   850
   791     1   830   831   852   851
   792     1   831   832   853   852
   793     1   832   833   854   853
   794     1   833   834   855   854
   795     1   834   835   856   855
   796     1   835   836   857   856
   797     1   836   837   858   857
   798     1   837   838   859   858
   799     1   838   839   860   859
   800     1   839   840   861   860
   801     1   841   842   863   862
   802     1   842   843   864   863
   803     1   843   844   865   864
   804     1   844   845   866   865
   805     1   845   846   867   866
   806     1   846   847   868   867
   807     1   847   848   869   868
   808     1   848   849   870   869
   809     1   849   850   871   870
   810     1   850   851   872   871
   811     1   851   852   873   872
   812     1   852   853   874   873
   813     1   853   854   875   874
   814     1   854   855   876   875
   815     1   855   856   877   876
   816     1   856   857   878   877
   817     1   857   858   879   878
   818     1   858   859   880   879
   819     1   859   860   881   880
   820     1   860   861   882   881
   821     1   862   863   884   883
   822     1   863   864   885   884
   823     1   864   865   886   885
   824     1   865   866   887   886
   825     1   866   867   888   887
   826     1   867   868   889   888
   827     1   868   869   890   889
   828     1   869   870   891   890
   829     1   870   871   892   891
   830     1   871   872   893   892
   831     1   872   873   894   893
   832     1   873   874   895   894
   833     1   874   875   896   895
   834     1   875   876   897   896
   835     1   876   877   898   897
   836     1   877   878   899   898
   837     1   878   879   900   899
   838     1   879   880   901   900
   839     1   880   881   902   901
   840     1   881   882   903   902
   841     1   883   884   905   904
   842     1   884   885   906   905
   843     1   885   886   907   906
   844     1   886   887   908   907
   845     1   887   888   909   908
   846     1   888   889   910   909
   847     1   889   890   911   910
   848     1   890   891   912   911
   849     1   891   892   913   912
   850     1   892   893   914   913
   851     1   893   894   915   914
   852     1   894   895   916   915
   853     1   895   896   917   916
   854     1   896   897   918   917
   855     1   897   898   919   918
   856     1   898   899   920   919
   857     1   899   900   921   920
   858     1   900   901   922   921
   859     1   901   902   923   922
   860     1   902   903   924   923
   861     1   904   905   926   925
   862     1   905   906   927   926
   863     1   906   907   928   927
   864     1   907   908   929   928
   865     1   908   909   930   929
   866     1   909   910   931   930
   867     1   910   911   932   931
   868     1   911   912   933   932
   869     1   912   913   934   933
   870     1   913   914   935   934
   871     1   914   915   936   935
   872     1   915   916   937   936
   873     1   916   917   938   937
   874     1   917   918   939   938
   875     1   918   919   940   939
   876     1   919   920   941   940
   877     1   920   921   942   941
   878     1   921   922   943   942
   879     1   922   923   944   943
   880     1   923   924   945   944
   881     1   925   926   947   946
   882     1   926   927   948   947
   883     1   927   928   949   948
   884     1   928   929   950   949
   885     1   929   930   951   950
   886     1   930   931   952   951
   887     1   931   932   953   952
   888     1   932   933   954   953
   889     1   933   934   955   954
   890     1   934   935   956   955
   891     1   935   936   957   956
   892     1   936   937   958   957
   893     1   937   938   959   958
   894     1   938   939   960   959
   895     1   939   940   961   960
   896     1   940   941   962   961
   897     1   941   942   963   962
   898     1   942   943   964   963
   899     1   943   944   965   964
   900     1   944   945   966   965
   901     1   946   947   968   967
   902     1   947   948   969   968
   903     1   948   949   970   969
   904     1   949   950   971   970
   905     1   950   951   972   971
   906     1   951   952   973   972
   907     1   952   953   974   973
   908     1   953   954   975   974
   909     1   954   955   976   975
   910     1   955   956   977   976
   911     1   956   957   978   977
   912     1   957   958   979   978
   913     1   958   959   980   979
   914     1   959   960   981   980
   915     1   960   961   982   981
   916     1   961   962   983   982
   917     1   962   963   984   983
   918     1   963   964   985   984
   919     1   964   965   986   985
   920     1   965   966   987   986
   921     1   967   968   989   988
   922     1   968   969   990   989
   923     1   969   970   991   990
   924     1   970   971   992   991
   925     1   971   972   993   992
   926     1   972   973   994   993
   927     1   973   974   995   994
   928     1   974   975   996   995
   929     1   975   976   997   996
   930     1   976   977   998   997
   931     1   977   978   999   998
   932     1   978   979  1000   999
   933     1   979   980  1001  1000
   934     1   980   981  1002  1001
   935     1   981   982  1003  1002
   936     1   982   983  1004  1003
   937     1   983   984  1005  1004
   938     1   984   985  1006  1005
   939     1   985   986  1007  1006
   940     1   986   987  1008  1007
   941     1   988   989  1010  1009
   942     1   989   990  1011  1010
   943     1   990   991  1012  1011
   944     1   991   992  1013  1012
   945     1   992   993  1014  1013
   946     1   993   994  1015  1014
   947     1   994   995  1016  1015
   948     1   995   996  1017  1016
   949     1   996   997  1018  1017
   950     1   997   998  1019  1018
   951     1   998   999  1020  1019
   952     1   999  1000  1021  1020
   953     1  1000  1001  1022  1021
   954     1  1001  1002  1023  1022
   955     1  1002  1003  1024  1023
   956     1  1003  1004  1025  1024
   957     1  1004  1005  1026  1025
   958     1  1005  1006  1027  1026
   959     1  1006  1007  1028  1027
   960     1  1007  1008  1029  1028
   961     1  1009  1010  1031  1030
   962     1  1010  1011  1032  1031
   963     1  1011  1012  1033  1032
   964     1  1012  1013  1034  1033
   965     1  1013  1014  1035  1034
   966     1  1014  1015  1036  1035
   967     1  1015  1016  1037  1036
   968     1  1016  1017  1038  1037
   969     1  1017  1018  1039  1038
   970     1  1018  1019  1040  1039
   971     1  1019  1020  1041  1040
   972     1  1020  1021  1042  1041
   973     1  1021  1022  1043  1042
   974     1  1022  1023  1044  1043
   975     1  1023  1024  1045  1044
   976     1  1024  1025  1046  1045
   977     1  1025  1026  1047  1046
   978     1  1026  1027  1048  1047
   979     1  1027  1028  1049  1048
   980     1  1028  1029  1050  1049
   981     1  1030  1031  1052  1051
   982     1  1031  1032  1053  1052
   983     1  1032  1033  1054  1053
   984     1  1033  1034  1055  1054
   985     1  1034  1035  1056  1055
   986     1  1035  1036  1057  1056
   987     1  1036  1037  1058  1057
   988     1  1037  1038  1059  1058
   989     1  1038  1039  1060  1059
   990     1  1039  1040  1061  1060
   991     1  1040  1041  1062  1061
   992     1  1041  1042  1063  1062
   993     1  1042  1043  1064  1063
   994     1  1043  1044  1065  1064
   995     1  1044  1045  1066  1065
   996     1  1045  1046  1067  1066
   997     1  1046  1047  1068  1067
   998     1  1047  1048  1069  1068
   999     1  1048  1049  1070  1069
  1000     1  1049  1050  1071  1070
  1001     1  1051  1052  1073  1072
  1002     1  1052  1053  1074  1073
  1003     1  1053  1054  1075  1074
  1004     1  1054  1055  1076  1075
  1005     1  1055  1056  1077  1076
  1006     1  1056  1057  1078  1077
  1007     1  1057  1058  1079  1078
  1008     1  1058  1059  1080  1079
  1009     1  1059  1060  1081  1080
  1010     1  1060  1061  1082  1081
  1011     1  1061  1062  1083  1082
  1012     1  1062  1063  1084  1083
  1013     1  1063  1064  1085  1084
  1014     1  1064  1065  1086  1085
  1015     1  1065  1066  1087  1086
  1016     1  1066  1067  1088  1087
  1017     1  1067  1068  1089  1088
  1018     1  1068  1069  1090  1089
  1019     1  1069  1070  1091  1090
  1020     1  1070  1071  1092  1091
  1021     1  1072  1073  1094  1093
  1022     1  1073  1074  1095  1094
  1023     1  1074  1075  1096  1095
  1024     1  1075  1076  1097  1096
  1025     1  1076  1077  1098  1097
  1026     1  1077  1078  1099  1098
  1027     1  1078  1079  1100  1099
  1028     1  1079  1080  1101  1100
  1029     1  1080  1081  1102  1101
  1030     1  1081  1082  1103  1102
  1031     1  1082  1083  1104  1103
  1032     1  1083  1084  1105  1104
  1033     1  1084  1085  1106  1105
  1034     1  1085  1086  1107  1106
  1035     1  1086  1087  1108  1107
  1036     1  1087  1088  1109  1108
  1037     1  1088  1089  1110  1109
  1038     1  1089  1090  1111  1110
  1039     1  1090  1091  1112  1111
  1040     1  1091  1092  1113  1112
  1041     1  1093  1094  1115  1114
  1042     1  1094  1095  1116  1115
  1043     1  1095  1096  1117  1116
  1044     1  1096  1097  1118  1117
  1045     1  1097  1098  1119  1118
  1046     1  1098  1099  1120  1119
  1047     1  1099  1100  1121  1120
  1048     1  1100  1101  1122  1121
  1049     1  1101  1102  1123  1122
  1050     1  1102  1103  1124  1123
  1051     1  1103  1104  1125  1124
  1052     1  1104  1105  1126  1125
  1053     1  1105  1106  1127  1126
  1054     1  1106  1107  1128  1127
  1055     1  1107  1108  1129  1128
  1056     1  1108  1109  1130  1129
  1057     1  1109  1110  1131  1130
  1058     1  1110  1111  1132  1131
  1059     1  1111  1112  1133  1132
  1060     1  1112  1113  1134  1133
  1061     1  1114  1115  1136  1135
  1062     1  1115  1116  1137  1136
  1063     1  1116  1117  1138  1137
  1064     1  1117  1118  1139  1138
  1065     1  1118  1119  1140  1139
  1066     1  1119  1120  1141  1140
  1067     1  1120  1121  1142  1141
  1068     1  1121  1122  1143  1142
  1069     1  1122  1123  1144  1143
  1070     1  1123  1124  1145  1144
  1071     1  1124  1125  1146  1145
  1072     1  1125  1126  1147  1146
  1073     1  1126  1127  1148  1147
  1074     1  1127  1128  1149  1148
  1075     1  1128  1129  1150  1149
  1076     1  1129  1130  1151  1150
  1077     1  1130  1131  1152  1151
  1078     1  1131  1132  1153  1152
  1079     1  1132  1133  1154  1153
  1080     1  1133  1134  1155  1154
  1081     1  1135  1136  1157  1156
  1082     1  1136  1137  1158  1157
  1083     1  1137  1138  1159  1158
  1084     1  1138  1139  1160  1159
  1085     1  1139  1140  1161  1160
  1086     1  1140  1141  1162  1161
  1087     1  1141  1142  1163  1162
  1088     1  1142  1143  1164  1163
  1089     1  1143  1144  1165  1164
  1090     1  1144  1145  1166  1165
  1091     1  1145  1146  1167  1166
  1092     1  1146  1147  1168  1167
  1093     1  1147  1148  1169  1168
  1094     1  1148  1149  1170  1169
  1095     1  1149  1150  1171  1170
  1096     1  1150  1151  1172  1171
  1097     1  1151  1152  1173  1172
  1098     1  1152  1153  1174  1173
  1099     1  1153  1154  1175  1174
  1100     1  1154  1155  1176  1175
  1101     1  1156  1157  1178  1177
  1102     1  1157  1158  1179  1178
  1103     1  1158  1159  1180  1179
  1104     1  1159  1160  1181  1180
  1105     1  1160  1161  1182  1181
  1106     1  1161  1162  1183  1182
  1107     1  1162  1163  1184  1183
  1108     1  1163  1164  1185  1184
  1109     1  1164  1165  1186  1185
  1110     1  1165  1166  1187  1186
  1111     1  1166  1167  1188  1187
  1112     1  1167  1168  1189  1188
  1113     1  1168  1169  1190  1189
  1114     1  1169  1170  1191  1190
  1115     1  1170  1171  1192  1191
  1116     1  1171  1172  1193  1192
  1117     1  1172  1173  1194  1193
  1118     1  1173  1174  1195  1194
  1119     1  1174  1175  1196  1195
  1120     1  1175  1176  1197  1196
  1121     1  1177  1178  1199  1198
  1122     1  1178  1179  1200  1199
  1123     1  1179  1180  1201  1200
  1124     1  1180  1181  1202  1201
  1125     1  1181  1182  1203  1202
  1126     1  1182  1183  1204  1203
  1127     1  1183  1184  1205  1204
  1128     1  1184  1185  1206  1205
  1129     1  1185  1186  1207  1206
  1130     1  1186  1187  1208  1207
  1131     1  1187  1188  1209  1208
  1132     1  1188  1189  1210  1209
  1133     1  1189  1190  1211  1210
  1134     1  1190  1191  1212  1211
  1135     1  1191  1192  1213  1212
  1136     1  1192  1193  1214  1213
  1137     1  1193  1194  1215  1214
  1138     1  1194  1195  1216  1215
  1139     1  1195  1196  1217  1216
  1140     1  1196  1197  1218  1217
  1141     1  1198  1199  1220  1219
  1142     1  1199  1200  1221  1220
  1143     1  1200  1201  1222  1221
  1144     1  1201  1202  1223  1222
  1145     1  1202  1203  1224  1223
  1146     1  1203  1204  1225  1224
  1147     1  1204  1205  1226  1225
  1148     1  1205  1206  1227  1226
  1149     1  1206  1207  1228  1227
  1150     1  1207  1208  1229  1228
  1151     1  1208  1209  1230  1229
  1152     1  1209  1210  1231  1230
  1153     1  1210  1211  1232  1231
  1154     1  1211  1212  1233  1232
  1155     1  1212  1213  1234  1233
  1156     1  1213  1214  1235  1234
  1157     1  1214  1215  1236  1235
  1158     1  1215  1216  1237  1236
  1159     1  1216  1217  1238  1237
  1160     1  1217  1218  1239  1238
  1161     1  1219  1220  1241  1240
  1162     1  1220  1221  1242  1241
  1163     1  1221  1222  1243  1242
  1164     1  1222  1223  1244  1243
  1165     1  1223  1224  1245  1244
  1166     1  1224  1225  1246  1245
  1167     1  1225  1226  1247  1246
  1168     1  1226  1227  1248  1247
  1169     1  1227  1228  1249  1248
  1170     1  1228  1229  1250  1249
  1171     1  1229  1230  1251  1250
  1172     1  1230  1231  1252  1251
  1173     1  1231  1232  1253  1252
  1174     1  1232  1233  1254  1253
  1175     1  1233  1234  1255  1254
  1176     1  1234  1235  1256  1255
  1177     1  1235  1236  1257  1256
  1178     1  1236  1237  1258  1257
  1179     1  1237  1238  1259  1258
  1180     1  1238  1239  1260  1259
  1181     1  1240  1241  1262  1261
  1182     1  1241  1242  1263  1262
  1183     1  1242  1243  1264  1263
  1184     1  1243  1244  1265  1264
  1185     1  1244  1245  1266  1265
  1186     1  1245  1246  1267  1266
  1187     1  1246  1247  1268  1267
  1188     1  1247  1248  1269  1268
  1189     1  1248  1249  1270  1269
  1190     1  1249  1250  1271  1270
  1191     1  1250  1251  1272  1271
  1192     1  1251  1252  1273  1272
  1193     1  1252  1253  1274  1273
  1194     1  1253  1254  1275  1274
  1195     1  1254  1255  1276  1275
  1196     1  1255  1256  1277  1276
  1197     1  1256  1257  1278  1277
  1198     1  1257  1258  1279  1278
  1199     1  1258  1259  1280  1279
  1200     1  1259  1260  1281  1280

NODE_COORDINATES  1281  CARTESIAN
     1      0.00000     0.00000    
     2      1.00000     0.00000    
     3      2.00000     0.00000    
     4      3.00000     0.00000    
     5      4.00000     0.00000    
     6      5.00000     0.00000    
     7      6.00000     0.00000    
     8      7.00000     0.00000    
     9      8.00000     0.00000    
    10      9.00000     0.00000    
    11      10.0000     0.00000    
    12      11.0000     0.00000    
    13      12.0000     0.00000    
    14      13.0000     0.00000    
    15      14.0000     0.00000    
    16      15.0000     0.00000    
    17      16.0000     0.00000    
    18      17.0000     0.00000    
    19      18.0000     0.00000    
    20      19.0000     0.00000    
    21      20.0000     0.00000    
    22      0.00000     1.00000    
    23      1.00000     1.00000    
    24      2.00000     1.00000    
    25      3.00000     1.00000    
    26      4.00000     1.00000    
    27      5.00000     1.00000    
    28      6.00000     1.00000    
    29      7.00000     1.00000    
    30      8.00000     1.00000    
    31      9.00000     1.00000    
    32      10.0000     1.00000    
    33      11.0000     1.00000    
    34      12.0000     1.00000    
    35      13.0000     1.00000    
    36      14.0000     1.00000    
    37      15.0000     1.00000    
    38      16.0000     1.00000    
    39      17.0000     1.00000    
    40      18.0000     1.00000    
    41      19.0000     1.00000    
    42      20.0000     1.00000    
    43      0.00000     2.00000    
    44      1.00000     2.00000    
    45      2.00000     2.00000    
    46      3.00000     2.00000    
    47      4.00000     2.00000    
    48      5.00000     2.00000    
    49      6.00000     2.00000    
    50      7.00000     2.00000    
    51      8.00000     2.00000    
    52      9.00000     2.00000    
    53      10.0000     2.00000    
    54      11.0000     2.00000    
    55      12.0000     2.00000    
    56      13.0000     2.00000    
    57      14.0000     2.00000    
    58      15.0000     2.00000    
    59      16.0000     2.00000    
    60      17.0000     2.00000    
    61      18.0000     2.00000    
    62      19.0000     2.00000    
    63      20.0000     2.00000    
    64      0.00000     3.00000    
    65      1.00000     3.00000    
    66      2.00000     3.00000    
    67      3.00000     3.00000    
    68      4.00000     3.00000    
    69      5.00000     3.00000    
    70      6.00000     3.00000    
    71      7.00000     3.00000    
    72      8.00000     3.00000    
    73      9.00000     3.00000    
    74      10.0000     3.00000    
    75      11.0000     3.00000    
    76      12.0000     3.00000    
    77      13.0000     3.00000    
    78      14.0000     3.00000    
    79      15.0000     3.00000    
    80      16.0000     3.00000    
    81      17.0000     3.00000    
    82      18.0000     3.00000    
    83      19.0000     3.00000    
    84      20.0000     3.00000    
    85      0.00000     4.00000    
    86      1.00000     4.00000    
    87      2.00000     4.00000    
    88      3.00000     4.00000    
    89      4.00000     4.00000    
    90      5.00000     4.00000    
    91      6.00000     4.00000    
    92      7.00000     4.00000    
    93      8.00000     4.00000    
    94      9.00000     4.00000    
    95      10.0000     4.00000    
    96      11.0000     4.00000    
    97      12.0000     4.00000    
    98      13.0000     4.00000    
    99      14.0000     4.00000    
   100      15.0000     4.00000    
   101      16.0000     4.00000    
   102      17.0000     4.00000    
   103      18.0000     4.00000    
   104      19.0000     4.00000    
   105      20.0000     4.00000    
   106      0.00000     5.00000    
   107      1.00000     5.00000    
   108      2.00000     5.00000    
   109      3.00000     5.00000    
   110      4.00000     5.00000    
   111      5.00000     5.00000    
   112      6.00000     5.00000    
   113      7.00000     5.00000    
   114      8.00000     5.00000    
   115      9.00000     5.00000    
   116      10.0000     5.00000    
   117      11.0000     5.00000    
   118      12.0000     5.00000    
   119      13.0000     5.00000    
   120      14.0000     5.00000    
   121      15.0000     5.00000    
   122      16.0000     5.00000    
   123      17.0000     5.00000    
   124      18.0000     5.00000    
   125      19.0000     5.00000    
   126      20.0000     5.00000    
   127      0.00000     6.00000    
   128      1.00000     6.00000    
   129      2.00000     6.00000    
   130      3.00000     6.00000    
   131      4.00000     6.00000    
   132      5.00000     6.00000    
   133      6.00000     6.00000    
   134      7.00000     6.00000    
   135      8.00000     6.00000    
   136      9.00000     6.00000    
   137      10.0000     6.00000    
   138      11.0000     6.00000    
   139      12.0000     6.00000    
   140      13.0000     6.00000    
   141      14.0000     6.00000    
   142      15.0000     6.00000    
   143      16.0000     6.00000    
   144      17.0000     6.00000    
   145      18.0000     6.00000    
   146      19.0000     6.00000    
   147      20.0000     6.00000    
   148      0.00000     7.00000    
   149      1.00000     7.00000    
   150      2.00000     7.00000    
   151      3.00000     7.00000    
   152      4.00000     7.00000    
   153      5.00000     7.00000    
   154      6.00000     7.00000    
   155      7.00000     7.00000    
   156      8.00000     7.00000    
   157      9.00000     7.00000    
   158      10.0000     7.00000    
   159      11.0000     7.00000    
   160      12.0000     7.00000    
   161      13.0000     7.00000    
   162      14.0000     7.00000    
   163      15.0000     7.00000    
   164      16.0000     7.00000    
   165      17.0000     7.00000    
   166      18.0000     7.00000    
   167      19.0000     7.00000    
   168      20.0000     7.00000    
   169      0.00000     8.00000    
   170      1.00000     8.00000    
   171      2.00000     8.00000    
   172      3.00000     8.00000    
   173      4.00000     8.00000    
   174      5.00000     8.00000    
   175      6.00000     8.00000    
   176      7.00000     8.00000    
   177      8.00000     8.00000    
   178      9.00000     8.00000    
   179      10.0000     8.00000    
   180      11.0000     8.00000    
   181      12.0000     8.00000    
   182      13.0000     8.00000    
   183      14.0000     8.00000    
   184      15.0000     8.00000    
   185      16.0000     8.00000    
   186      17.0000     8.00000    
   187      18.0000     8.00000    
   188      19.0000     8.00000    
   189      20.0000     8.00000    
   190      0.00000     9.00000    
   191      1.00000     9.00000    
   192      2.00000     9.00000    
   193      3.00000     9.00000    
   194      4.00000     9.00000    
   195      5.00000     9.00000    
   196      6.00000     9.00000    
   197      7.00000     9.00000    
   198      8.00000     9.00000    
   199      9.00000     9.00000    
   200      10.0000     9.00000    
   201      11.0000     9.00000    
   202      12.0000     9.00000    
   203      13.0000     9.00000    
   204      14.0000     9.00000    
   205      15.0000     9.00000    
   206      16.0000     9.00000    
   207      17.0000     9.00000    
   208      18.0000     9.00000    
   209      19.0000     9.00000    
   210      20.0000     9.00000    
   211      0.00000     10.0000    
   212      1.00000     10.0000    
   213      2.00000     10.0000    
   214      3.00000     10.0000    
   215      4.00000     10.0000    
   216      5.00000     10.0000    
   217      6.00000     10.0000    
   218      7.00000     10.0000    
   219      8.00000     10.0000    
   220      9.00000     10.0000    
   221      10.0000     10.0000    
   222      11.0000     10.0000    
   223      12.0000     10.0000    
   224      13.0000     10.0000    
   225      14.0000     10.0000    
   226      15.0000     10.0000    
   227      16.0000     10.0000    
   228      17.0000     10.0000    
   229      18.0000     10.0000    
   230      19.0000     10.0000    
   231      20.0000     10.0000    
   232      0.00000     11.0000    
   233      1.00000     11.0000    
   234      2.00000     11.0000    
   235      3.00000     11.0000    
   236      4.00000     11.0000    
   237      5.00000     11.0000    
   238      6.00000     11.0000    
   239      7.00000     11.0000    
   240      8.00000     11.0000    
   241      9.00000     11.0000    
   242      10.0000     11.0000    
   243      11.0000     11.0000    
   244      12.0000     11.0000    
   245      13.0000     11.0000    
   246      14.0000     11.0000    
   247      15.0000     11.0000    
   248      16.0000     11.0000    
   249      17.0000     11.0000    
   250      18.0000     11.0000    
   251      19.0000     11.0000    
   252      20.0000     11.0000    
   253      0.00000     12.0000    
   254      1.00000     12.0000    
   255      2.00000     12.0000    
   256      3.00000     12.0000    
   257      4.00000     12.0000    
   258      5.00000     12.0000    
   259      6.00000     12.0000    
   260      7.00000     12.0000    
   261      8.00000     12.0000    
   262      9.00000     12.0000    
   263      10.0000     12.0000    
   264      11.0000     12.0000    
   265      12.0000     12.0000    
   266      13.0000     12.0000    
   267      14.0000     12.0000    
   268      15.0000     12.0000    
   269      16.0000     12.0000    
   270      17.0000     12.0000    
   271      18.0000     12.0000    
   272      19.0000     12.0000    
   273      20.0000     12.0000    
   274      0.00000     13.0000    
   275      1.00000     13.0000    
   276      2.00000     13.0000    
   277      3.00000     13.0000    
   278      4.00000     13.0000    
   279      5.00000     13.0000    
   280      6.00000     13.0000    
   281      7.00000     13.0000    
   282      8.00000     13.0000    
   283      9.00000     13.0000    
   284      10.0000     13.0000    
   285      11.0000     13.0000    
   286      12.0000     13.0000    
   287      13.0000     13.0000    
   288      14.0000     13.0000    
   289      15.0000     13.0000    
   290      16.0000     13.0000    
   291      17.0000     13.0000    
   292      18.0000     13.0000    
   293      19.0000     13.0000    
   294      20.0000     13.0000    
   295      0.00000     14.0000    
   296      1.00000     14.0000    
   297      2.00000     14.0000    
   298      3.00000     14.0000    
   299      4.00000     14.0000    
   300      5.00000     14.0000    
   301      6.00000     14.0000    
   302      7.00000     14.0000    
   303      8.00000     14.0000    
   304      9.00000     14.0000    
   305      10.0000     14.0000    
   306      11.0000     14.0000    
   307      12.0000     14.0000    
   308      13.0000     14.0000    
   309      14.0000     14.0000    
   310      15.0000     14.0000    
   311      16.0000     14.0000    
   312      17.0000     14.0000    
   313      18.0000     14.0000    
   314      19.0000     14.0000    
   315      20.0000     14.0000    
   316      0.00000     15.0000    
   317      1.00000     15.0000    
   318      2.00000     15.0000    
   319      3.00000     15.0000    
   320      4.00000     15.0000    
   321      5.00000     15.0000    
   322      6.00000     15.0000    
   323      7.00000     15.0000    
   324      8.00000     15.0000    
   325      9.00000     15.0000    
   326      10.0000     15.0000    
   327      11.0000     15.0000    
   328      12.0000     15.0000    
   329      13.0000     15.0000    
   330      14.0000     15.0000    
   331      15.0000     15.0000    
   332      16.0000     15.0000    
   333      17.0000     15.0000    
   334      18.0000     15.0000    
   335      19.0000     15.0000    
   336      20.0000     15.0000    
   337      0.00000     16.0000    
   338      1.00000     16.0000    
   339      2.00000     16.0000    
   340      3.00000     16.0000    
   341      4.00000     16.0000    
   342      5.00000     16.0000    
   343      6.00000     16.0000    
   344      7.00000     16.0000    
   345      8.00000     16.0000    
   346      9.00000     16.0000    
   347      10.0000     16.0000    
   348      11.0000     16.0000    
   349      12.0000     16.0000    
   350      13.0000     16.0000    
   351      14.0000     16.0000    
   352      15.0000     16.0000    
   353      16.0000     16.0000    
   354      17.0000     16.0000    
   355      18.0000     16.0000    
   356      19.0000     16.0000    
   357      20.0000     16.0000    
   358      0.00000     17.0000    
   359      1.00000     17.0000    
   360      2.00000     17.0000    
   361      3.00000     17.0000    
   362      4.00000     17.0000    
   363      5.00000     17.0000    
   364      6.00000     17.0000    
   365      7.00000     17.0000    
   366      8.00000     17.0000    
   367      9.00000     17.0000    
   368      10.0000     17.0000    
   369      11.0000     17.0000    
   370      12.0000     17.0000    
   371      13.0000     17.0000    
   372      14.0000     17.0000    
   373      15.0000     17.0000    
   374      16.0000     17.0000    
   375      17.0000     17.0000    
   376      18.0000     17.0000    
   377      19.0000     17.0000    
   378      20.0000     17.0000    
   379      0.00000     18.0000    
   380      1.00000     18.0000    
   381      2.00000     18.0000    
   382      3.00000     18.0000    
   383      4.00000     18.0000    
   384      5.00000     18.0000    
   385      6.00000     18.0000    
   386      7.00000     18.0000    
   387      8.00000     18.0000    
   388      9.00000     18.0000    
   389      10.0000     18.0000    
   390      11.0000     18.0000    
   391      12.0000     18.0000    
   392      13.0000     18.0000    
   393      14.0000     18.0000    
   394      15.0000     18.0000    
   395      16.0000     18.0000    
   396      17.0000     18.0000    
   397      18.0000     18.0000    
   398      19.0000     18.0000    
   399      20.0000     18.0000    
   400      0.00000     19.0000    
   401      1.00000     19.0000    
   402      2.00000     19.0000    
   403      3.00000     19.0000    
   404      4.00000     19.0000    
   405      5.00000     19.0000    
   406      6.00000     19.0000    
   407      7.00000     19.0000    
   408      8.00000     19.0000    
   409      9.00000     19.0000    
   410      10.0000     19.0000    
   411      11.0000     19.0000    
   412      12.0000     19.0000    
   413      13.0000     19.0000    
   414      14.0000     19.0000    
   415      15.0000     19.0000    
   416      16.0000     19.0000    
   417      17.0000     19.0000    
   418      18.0000     19.0000    
   419      19.0000     19.0000    
   420      20.0000     19.0000    
   421      0.00000     20.0000    
   422      1.00000     20.0000    
   423      2.00000     20.0000    
   424      3.00000     20.0000    
   425      4.00000     20.0000    
   426      5.00000     20.0000    
   427      6.00000     20.0000    
   428      7.00000     20.0000    
   429      8.00000     20.0000    
   430      9.00000     20.0000    
   431      10.0000     20.0000    
   432      11.0000     20.0000    
   433      12.0000     20.0000    
   434      13.0000     20.0000    
   435      14.0000     20.0000    
   436      15.0000     20.0000    
   437      16.0000     20.0000    
   438      17.0000     20.0000    
   439      18.0000     20.0000    
   440      19.0000     20.0000    
   441      20.0000     20.0000    
   442      0.00000     21.0000    
   443      1.00000     21.0000    
   444      2.00000     21.0000    
   445      3.00000     21.0000    
   446      4.00000     21.0000    
   447      5.00000     21.0000    
   448      6.00000     21.0000    
   449      7.00000     21.0000    
   450      8.00000     21.0000    
   451      9.00000     21.0000    
   452      10.0000     21.0000    
   453      11.0000     21.0000    
   454      12.0000     21.0000    
   455      13.0000     21.0000    
   456      14.0000     21.0000    
   457      15.0000     21.0000    
   458      16.0000     21.0000    
   459      17.0000     21.0000    
   460      18.0000     21.0000    
   461      19.0000     21.0000    
   462      20.0000     21.0000    
   463      0.00000     22.0000    
   464      1.00000     22.0000    
   465      2.00000     22.0000    
   466      3.00000     22.0000    
   467      4.00000     22.0000    
   468      5.00000     22.0000    
   469      6.00000     22.0000    
   470      7.00000     22.0000    
   471      8.00000     22.0000    
   472      9.00000     22.0000    
   473      10.0000     22.0000    
   474      11.0000     22.0000    
   475      12.0000     22.0000    
   476      13.0000     22.0000    
   477      14.0000     22.0000    
   478      15.0000     22.0000    
   479      16.0000     22.0000    
   480      17.0000     22.0000    
   481      18.0000     22.0000    
   482      19.0000     22.0000    
   483      20.0000     22.0000    
   484      0.00000     23.0000    
   485      1.00000     23.0000    
   486      2.00000     23.0000    
   487      3.00000     23.0000    
   488      4.00000     23.0000    
   489      5.00000     23.0000    
   490      6.00000     23.0000    
   491      7.00000     23.0000    
   492      8.00000     23.0000    
   493      9.00000     23.0000    
   494      10.0000     23.0000    
   495      11.0000     23.0000    
   496      12.0000     23.0000    
   497      13.0000     23.0000    
   498      14.0000     23.0000    
   499      15.0000     23.0000    
   500      16.0000     23.0000    
   501      17.0000     23.0000    
   502      18.0000     23.0000    
   503      19.0000     23.0000    
   504      20.0000     23.0000    
   505      0.00000     24.0000    
   506      1.00000     24.0000    
   507      2.00000     24.0000    
   508      3.00000     24.0000    
   509      4.00000     24.0000    
   510      5.00000     24.0000    
   511      6.00000     24.0000    
   512      7.00000     24.0000    
   513      8.00000     24.0000    
   514      9.00000     24.0000    
   515      10.0000     24.0000    
   516      11.0000     24.0000    
   517      12.0000     24.0000    
   518      13.0000     24.0000    
   519      14.0000     24.0000    
   520      15.0000     24.0000    
   521      16.0000     24.0000    
   522      17.0000     24.0000    
   523      18.0000     24.0000    
   524      19.0000     24.0000    
   525      20.0000     24.0000    
   526      0.00000     25.0000    
   527      1.00000     25.0000    
   528      2.00000     25.0000    
   529      3.00000     25.0000    
   530      4.00000     25.0000    
   531      5.00000     25.0000    
   532      6.00000     25.0000    
   533      7.00000     25.0000    
   534      8.00000     25.0000    
   535      9.00000     25.0000    
   536      10.0000     25.0000    
   537      11.0000     25.0000    
   538      12.0000     25.0000    
   539      13.0000     25.0000    
   540      14.0000     25.0000    
   541      15.0000     25.0000    
   542      16.0000     25.0000    
   543      17.0000     25.0000    
   544      18.0000     25.0000    
   545      19.0000     25.0000    
   546      20.0000     25.0000    
   547      0.00000     26.0000    
   548      1.00000     26.0000    
   549      2.00000     26.0000    
   550      3.00000     26.0000    
   551      4.00000     26.0000    
   552      5.00000     26.0000    
   553      6.00000     26.0000    
   554      7.00000     26.0000    
   555      8.00000     26.0000    
   556      9.00000     26.0000    
   557      10.0000     26.0000    
   558      11.0000     26.0000    
   559      12.0000     26.0000    
   560      13.0000     26.0000    
   561      14.0000     26.0000    
   562      15.0000     26.0000    
   563      16.0000     26.0000    
   564      17.0000     26.0000    
   565      18.0000     26.0000    
   566      19.0000     26.0000    
   567      20.0000     26.0000    
   568      0.00000     27.0000    
   569      1.00000     27.0000    
   570      2.00000     27.0000    
   571      3.00000     27.0000    
   572      4.00000     27.0000    
   573      5.00000     27.0000    
   574      6.00000     27.0000    
   575      7.00000     27.0000    
   576      8.00000     27.0000    
   577      9.00000     27.0000    
   578      10.0000     27.0000    
   579      11.0000     27.0000    
   580      12.0000     27.0000    
   581      13.0000     27.0000    
   582      14.0000     27.0000    
   583      15.0000     27.0000    
   584      16.0000     27.0000    
   585      17.0000     27.0000    
   586      18.0000     27.0000    
   587      19.0000     27.0000    
   588      20.0000     27.0000    
   589      0.00000     28.0000    
   590      1.00000     28.0000    
   591      2.00000     28.0000    
   592      3.00000     28.0000    
   593      4.00000     28.0000    
   594      5.00000     28.0000    
   595      6.00000     28.0000    
   596      7.00000     28.0000    
   597      8.00000     28.0000    
   598      9.00000     28.0000    
   599      10.0000     28.0000    
   600      11.0000     28.0000    
   601      12.0000     28.0000    
   602      13.0000     28.0000    
   603      14.0000     28.0000    
   604      15.0000     28.0000    
   605      16.0000     28.0000    
   606      17.0000     28.0000    
   607      18.0000     28.0000    
   608      19.0000     28.0000    
   609      20.0000     28.0000    
   610      0.00000     29.0000    
   611      1.00000     29.0000    
   612      2.00000     29.0000    
   613      3.00000     29.0000    
   614      4.00000     29.0000    
   615      5.00000     29.0000    
   616      6.00000     29.0000    
   617      7.00000     29.0000    
   618      8.00000     29.0000    
   619      9.00000     29.0000    
   620      10.0000     29.0000    
   621      11.0000     29.0000    
   622      12.0000     29.0000    
   623      13.0000     29.0000    
   624      14.0000     29.0000    
   625      15.0000     29.0000    
   626      16.0000     29.0000    
   627      17.0000     29.0000    
   628      18.0000     29.0000    
   629      19.0000     29.0000    
   630      20.0000     29.0000    
   631      0.00000     30.0000    
   632      1.00000     30.0000    
   633      2.00000     30.0000    
   634      3.00000     30.0000    
   635      4.00000     30.0000    
   636      5.00000     30.0000    
   637      6.00000     30.0000    
   638      7.00000     30.0000    
   639      8.00000     30.0000    
   640      9.00000     30.0000    
   641      10.0000     30.0000    
   642      11.0000     30.0000    
   643      12.0000     30.0000    
   644      13.0000     30.0000    
   645      14.0000     30.0000    
   646      15.0000     30.0000    
   647      16.0000     30.0000    
   648      17.0000     30.0000    
   649      18.0000     30.0000    
   650      19.0000     30.0000    
   651      20.0000     30.0000    
   652      0.00000     31.0000    
   653      1.00000     31.0000    
   654      2.00000     31.0000    
   655      3.00000     31.0000    
   656      4.00000     31.0000    
   657      5.00000     31.0000    
   658      6.00000     31.0000    
   659      7.00000     31.0000    
   660      8.00000     31.0000    
   661      9.00000     31.0000    
   662      10.0000     31.0000    
   663      11.0000     31.0000    
   664      12.0000     31.0000    
   665      13.0000     31.0000    
   666      14.0000     31.0000    
   667      15.0000     31.0000    
   668      16.0000     31.0000    
   669      17.0000     31.0000    
   670      18.0000     31.0000    
   671      19.0000     31.0000    
   672      20.0000     31.0000    
   673      0.00000     32.0000    
   674      1.00000     32.0000    
   675      2.00000     32.0000    
   676      3.00000     32.0000    
   677      4.00000     32.0000    
   678      5.00000     32.0000    
   679      6.00000     32.0000    
   680      7.00000     32.0000    
   681      8.00000     32.0000    
   682      9.00000     32.0000    
   683      10.0000     32.0000    
   684      11.0000     32.0000    
   685      12.0000     32.0000    
   686      13.0000     32.0000    
   687      14.0000     32.0000    
   688      15.0000     32.0000    
   689      16.0000     32.0000    
   690      17.0000     32.0000    
   691      18.0000     32.0000    
   692      19.0000     32.0000    
   693      20.0000     32.0000    
   694      0.00000     33.0000    
   695      1.00000     33.0000    
   696      2.00000     33.0000    
   697      3.00000     33.0000    
   698      4.00000     33.0000    
   699      5.00000     33.0000    
   700      6.00000     33.0000    
   701      7.00000     33.0000    
   702      8.00000     33.0000    
   703      9.00000     33.0000    
   704      10.0000     33.0000    
   705      11.0000     33.0000    
   706      12.0000     33.0000    
   707      13.0000     33.0000    
   708      14.0000     33.0000    
   709      15.0000     33.0000    
   710      16.0000     33.0000    
   711      17.0000     33.0000    
   712      18.0000     33.0000    
   713      19.0000     33.0000    
   714      20.0000     33.0000    
   715      0.00000     34.0000    
   716      1.00000     34.0000    
   717      2.00000     34.0000    
   718      3.00000     34.0000    
   719      4.00000     34.0000    
   720      5.00000     34.0000    
   721      6.00000     34.0000    
   722      7.00000     34.0000    
   723      8.00000     34.0000    
   724      9.00000     34.0000    
   725      10.0000     34.0000    
   726      11.0000     34.0000    
   727      12.0000     34.0000    
   728      13.0000     34.0000    
   729      14.0000     34.0000    
   730      15.0000     34.0000    
   731      16.0000     34.0000    
   732      17.0000     34.0000    
   733      18.0000     34.0000    
   734      19.0000     34.0000    
   735      20.0000     34.0000    
   736      0.00000     35.0000    
   737      1.00000     35.0000    
   738      2.00000     35.0000    
   739      3.00000     35.0000    
   740      4.00000     35.0000    
   741      5.00000     35.0000    
   742      6.00000     35.0000    
   743      7.00000     35.0000    
   744      8.00000     35.0000    
   745      9.00000     35.0000    
   746      10.0000     35.0000    
   747      11.0000     35.0000    
   748      12.0000     35.0000    
   749      13.0000     35.0000    
   750      14.0000     35.0000    
   751      15.0000     35.0000    
   752      16.0000     35.0000    
   753      17.0000     35.0000    
   754      18.0000     35.0000    
   755      19.0000     35.0000    
   756      20.0000     35.0000    
   757      0.00000     36.0000    
   758      1.00000     36.0000    
   759      2.00000     36.0000    
   760      3.00000     36.0000    
   761      4.00000     36.0000    
   762      5.00000     36.0000    
   763      6.00000     36.0000    
   764      7.00000     36.0000    
   765      8.00000     36.0000    
   766      9.00000     36.0000    
   767      10.0000     36.0000    
   768      11.0000     36.0000    
   769      12.0000     36.0000    
   770      13.0000     36.0000    
   771      14.0000     36.0000    
   772      15.0000     36.0000    
   773      16.0000     36.0000    
   774      17.0000     36.0000    
   775      18.0000     36.0000    
   776      19.0000     36.0000    
   777      20.0000     36.0000    
   778      0.00000     37.0000    
   779      1.00000     37.0000    
   780      2.00000     37.0000    
   781      3.00000     37.0000    
   782      4.00000     37.0000    
   783      5.00000     37.0000    
   784      6.00000     37.0000    
   785      7.00000     37.0000    
   786      8.00000     37.0000    
   787      9.00000     37.0000    
   788      10.0000     37.0000    
   789      11.0000     37.0000    
   790      12.0000     37.0000    
   791      13.0000     37.0000    
   792      14.0000     37.0000    
   793      15.0000     37.0000    
   794      16.0000     37.0000    
   795      17.0000     37.0000    
   796      18.0000     37.0000    
   797      19.0000     37.0000    
   798      20.0000     37.0000    
   799      0.00000     38.0000    
   800      1.00000     38.0000    
   801      2.00000     38.0000    
   802      3.00000     38.0000    
   803      4.00000     38.0000    
   804      5.00000     38.0000    
   805      6.00000     38.0000    
   806      7.00000     38.0000    
   807      8.00000     38.0000    
   808      9.00000     38.0000    
   809      10.0000     38.0000    
   810      11.0000     38.0000    
   811      12.0000     38.0000    
   812      13.0000     38.0000    
   813      14.0000     38.0000    
   814      15.0000     38.0000    
   815      16.0000     38.0000    
   816      17.0000     38.0000    
   817      18.0000     38.0000    
   818      19.0000     38.0000    
   819      20.0000     38.0000    
   820      0.00000     39.0000    
   821      1.00000     39.0000    
   822      2.00000     39.0000    
   823      3.00000     39.0000    
   824      4.00000     39.0000    
   825      5.00000     39.0000    
   826      6.00000     39.0000    
   827      7.00000     39.0000    
   828      8.00000     39.0000    
   829      9.00000     39.0000    
   830      10.0000     39.0000    
   831      11.0000     39.0000    
   832      12.0000     39.0000    
   833      13.0000     39.0000    
   834      14.0000     39.0000    
   835      15.0000     39.0000    
   836      16.0000     39.0000    
   837      17.0000     39.0000    
   838      18.0000     39.0000    
   839      19.0000     39.0000    
   840      20.0000     39.0000    
   841      0.00000     40.0000    
   842      1.00000     40.0000    
   843      2.00000     40.0000    
   844      3.00000     40.0000    
   845      4.00000     40.0000    
   846      5.00000     40.0000    
   847      6.00000     40.0000    
   848      7.00000     40.0000    
   849      8.00000     40.0000    
   850      9.00000     40.0000    
   851      10.0000     40.0000    
   852      11.0000     40.0000    
   853      12.0000     40.0000    
   854      13.0000     40.0000    
   855      14.0000     40.0000    
   856      15.0000     40.0000    
   857      16.0000     40.0000    
   858      17.0000     40.0000    
   859      18.0000     40.0000    
   860      19.0000     40.0000    
   861      20.0000     40.0000    
   862      0.00000     41.0000    
   863      1.00000     41.0000    
   864      2.00000     41.0000    
   865      3.00000     41.0000    
   866      4.00000     41.0000    
   867      5.00000     41.0000    
   868      6.00000     41.0000    
   869      7.00000     41.0000    
   870      8.00000     41.0000    
   871      9.00000     41.0000    
   872      10.0000     41.0000    
   873      11.0000     41.0000    
   874      12.0000     41.0000    
   875      13.0000     41.0000    
   876      14.0000     41.0000    
   877      15.0000     41.0000    
   878      16.0000     41.0000    
   879      17.0000     41.0000    
   880      18.0000     41.0000    
   881      19.0000     41.0000    
   882      20.0000     41.0000    
   883      0.00000     42.0000    
   884      1.00000     42.0000    
   885      2.00000     42.0000    
   886      3.00000     42.0000    
   887      4.00000     42.0000    
   888      5.00000     42.0000    
   889      6.00000     42.0000    
   890      7.00000     42.0000    
   891      8.00000     42.0000    
   892      9.00000     42.0000    
   893      10.0000     42.0000    
   894      11.0000     42.0000    
   895      12.0000     42.0000    
   896      13.0000     42.0000    
   897      14.0000     42.0000    
   898      15.0000     42.0000    
   899      16.0000     42.0000    
   900      17.0000     42.0000    
   901      18.0000     42.0000    
   902      19.0000     42.0000    
   903      20.0000     42.0000    
   904      0.00000     43.0000    
   905      1.00000     43.0000    
   906      2.00000     43.0000    
   907      3.00000     43.0000    
   908      4.00000     43.0000    
   909      5.00000     43.0000    
   910      6.00000     43.0000    
   911      7.00000     43.0000    
   912      8.00000     43.0000    
   913      9.00000     43.0000    
   914      10.0000     43.0000    
   915      11.0000     43.0000    
   916      12.0000     43.0000    
   917      13.0000     43.0000    
   918      14.0000     43.0000    
   919      15.0000     43.0000    
   920      16.0000     43.0000    
   921      17.0000     43.0000    
   922      18.0000     43.0000    
   923      19.0000     43.0000    
   924      20.0000     43.0000    
   925      0.00000     44.0000    
   926      1.00000     44.0000    
   927      2.00000     44.0000    
   928      3.00000     44.0000    
   929      4.00000     44.0000    
   930      5.00000     44.0000    
   931      6.00000     44.0000    
   932      7.00000     44.0000    
   933      8.00000     44.0000    
   934      9.00000     44.0000    
   935      10.0000     44.0000    
   936      11.0000     44.0000    
   937      12.0000     44.0000    
   938      13.0000     44.0000    
   939      14.0000     44.0000    
   940      15.0000     44.0000    
   941      16.0000     44.0000    
   942      17.0000     44.0000    
   943      18.0000     44.0000    
   944      19.0000     44.0000    
   945      20.0000     44.0000    
   946      0.00000     45.0000    
   947      1.00000     45.0000    
   948      2.00000     45.0000    
   949      3.00000     45.0000    
   950      4.00000     45.0000    
   951      5.00000     45.0000    
   952      6.00000     45.0000    
   953      7.00000     45.0000    
   954      8.00000     45.0000    
   955      9.00000     45.0000    
   956      10.0000     45.0000    
   957      11.0000     45.0000    
   958      12.0000     45.0000    
   959      13.0000     45.0000    
   960      14.0000     45.0000    
   961      15.0000     45.0000    
   962      16.0000     45.0000    
   963      17.0000     45.0000    
   964      18.0000     45.0000    
   965      19.0000     45.0000    
   966      20.0000     45.0000    
   967      0.00000     46.0000    
   968      1.00000     46.0000    
   969      2.00000     46.0000    
   970      3.00000     46.0000    
   971      4.00000     46.0000    
   972      5.00000     46.0000    
   973      6.00000     46.0000    
   974      7.00000     46.0000    
   975      8.00000     46.0000    
   976      9.00000     46.0000    
   977      10.0000     46.0000    
   978      11.0000     46.0000    
   979      12.0000     46.0000    
   980      13.0000     46.0000    
   981      14.0000     46.0000    
   982      15.0000     46.0000    
   983      16.0000     46.0000    
   984      17.0000     46.0000    
   985      18.0000     46.0000    
   986      19.0000     46.0000    
   987      20.0000     46.0000    
   988      0.00000     47.0000    
   989      1.00000     47.0000    
   990      2.00000     47.0000    
   991      3.00000     47.0000    
   992      4.00000     47.0000    
   993      5.00000     47.0000    
   994      6.00000     47.0000    
   995      7.00000     47.0000    
   996      8.00000     47.0000    
   997      9.00000     47.0000    
   998      10.0000     47.0000    
   999      11.0000     47.0000    
  1000      12.0000     47.0000    
  1001      13.0000     47.0000    
  1002      14.0000     47.0000    
  1003      15.0000     47.0000    
  1004      16.0000     47.0000    
  1005      17.0000     47.0000    
  1006      18.0000     47.0000    
  1007      19.0000     47.0000    
  1008      20.0000     47.0000    
  1009      0.00000     48.0000    
  1010      1.00000     48.0000    
  1011      2.00000     48.0000    
  1012      3.00000     48.0000    
  1013      4.00000     48.0000    
  1014      5.00000     48.0000    
  1015      6.00000     48.0000    
  1016      7.00000     48.0000    
  1017      8.00000     48.0000    
  1018      9.00000     48.0000    
  1019      10.0000     48.0000    
  1020      11.0000     48.0000    
  1021      12.0000     48.0000    
  1022      13.0000     48.0000    
  1023      14.0000     48.0000    
  1024      15.0000     48.0000    
  1025      16.0000     48.0000    
  1026      17.0000     48.0000    
  1027      18.0000     48.0000    
  1028      19.0000     48.0000    
  1029      20.0000     48.0000    
  1030      0.00000     49.0000    
  1031      1.00000     49.0000    
  1032      2.00000     49.0000    
  1033      3.00000     49.0000    
  1034      4.00000     49.0000    
  1035      5.00000     49.0000    
  1036      6.00000     49.0000    
  1037      7.00000     49.0000    
  1038      8.00000     49.0000    
  1039      9.00000     49.0000    
  1040      10.0000     49.0000    
  1041      11.0000     49.0000    
  1042      12.0000     49.0000    
  1043      13.0000     49.0000    
  1044      14.0000     49.0000    
  1045      15.0000     49.0000    
  1046      16.0000     49.0000    
  1047      17.0000     49.0000    
  1048      18.0000     49.0000    
  1049      19.0000     49.0000    
  1050      20.0000     49.0000    
  1051      0.00000     50.0000    
  1052      1.00000     50.0000    
  1053      2.00000     50.0000    
  1054      3.00000     50.0000    
  1055      4.00000     50.0000    
  1056      5.00000     50.0000    
  1057      6.00000     50.0000    
  1058      7.00000     50.0000    
  1059      8.00000     50.0000    
  1060      9.00000     50.0000    
  1061      10.0000     50.0000    
  1062      11.0000     50.0000    
  1063      12.0000     50.0000    
  1064      13.0000     50.0000    
  1065      14.0000     50.0000    
  1066      15.0000     50.0000    
  1067      16.0000     50.0000    
  1068      17.0000     50.0000    
  1069      18.0000     50.0000    
  1070      19.0000     50.0000    
  1071      20.0000     50.0000    
  1072      0.00000     51.0000    
  1073      1.00000     51.0000    
  1074      2.00000     51.0000    
  1075      3.00000     51.0000    
  1076      4.00000     51.0000    
  1077      5.00000     51.0000    
  1078      6.00000     51.0000    
  1079      7.00000     51.0000    
  1080      8.00000     51.0000    
  1081      9.00000     51.0000    
  1082      10.0000     51.0000    
  1083      11.0000     51.0000    
  1084      12.0000     51.0000    
  1085      13.0000     51.0000    
  1086      14.0000     51.0000    
  1087      15.0000     51.0000    
  1088      16.0000     51.0000    
  1089      17.0000     51.0000    
  1090      18.0000     51.0000    
  1091      19.0000     51.0000    
  1092      20.0000     51.0000    
  1093      0.00000     52.0000    
  1094      1.00000     52.0000    
  1095      2.00000     52.0000    
  1096      3.00000     52.0000    
  1097      4.00000     52.0000    
  1098      5.00000     52.0000    
  1099      6.00000     52.0000    
  1100      7.00000     52.0000    
  1101      8.00000     52.0000    
  1102      9.00000     52.0000    
  1103      10.0000     52.0000    
  1104      11.0000     52.0000    
  1105      12.0000     52.0000    
  1106      13.0000     52.0000    
  1107      14.0000     52.0000    
  1108      15.0000     52.0000    
  1109      16.0000     52.0000    
  1110      17.0000     52.0000    
  1111      18.0000     52.0000    
  1112      19.0000     52.0000    
  1113      20.0000     52.0000    
  1114      0.00000     53.0000    
  1115      1.00000     53.0000    
  1116      2.00000     53.0000    
  1117      3.00000     53.0000    
  1118      4.00000     53.0000    
  1119      5.00000     53.0000    
  1120      6.00000     53.0000    
  1121      7.00000     53.0000    
  1122      8.00000     53.0000    
  1123      9.00000     53.0000    
  1124      10.0000     53.0000    
  1125      11.0000     53.0000    
  1126      12.0000     53.0000    
  1127      13.0000     53.0000    
  1128      14.0000     53.0000    
  1129      15.0000     53.0000    
  1130      16.0000     53.0000    
  1131      17.0000     53.0000    
  1132      18.0000     53.0000    
  1133      19.0000     53.0000    
  1134      20.0000     53.0000    
  1135      0.00000     54.0000    
  1136      1.00000     54.0000    
  1137      2.00000     54.0000    
  1138      3.00000     54.0000    
  1139      4.00000     54.0000    
  1140      5.00000     54.0000    
  1141      6.00000     54.0000    
  1142      7.00000     54.0000    
  1143      8.00000     54.0000    
  1144      9.00000     54.0000    
  1145      10.0000     54.0000    
  1146      11.0000     54.0000    
  1147      12.0000     54.0000    
  1148      13.0000     54.0000    
  1149      14.0000     54.0000    
  1150      15.0000     54.0000    
  1151      16.0000     54.0000    
  1152      17.0000     54.0000    
  1153      18.0000     54.0000    
  1154      19.0000     54.0000    
  1155      20.0000     54.0000    
  1156      0.00000     55.0000    
  1157      1.00000     55.0000    
  1158      2.00000     55.0000    
  1159      3.00000     55.0000    
  1160      4.00000     55.0000    
  1161      5.00000     55.0000    
  1162      6.00000     55.0000    
  1163      7.00000     55.0000    
  1164      8.00000     55.0000    
  1165      9.00000     55.0000    
  1166      10.0000     55.0000    
  1167      11.0000     55.0000    
  1168      12.0000     55.0000    
  1169      13.0000     55.0000    
  1170      14.0000     55.0000    
  1171      15.0000     55.0000    
  1172      16.0000     55.0000    
  1173      17.0000     55.0000    
  1174      18.0000     55.0000    
  1175      19.0000     55.0000    
  1176      20.0000     55.0000    
  1177      0.00000     56.0000    
  1178      1.00000     56.0000    
  1179      2.00000     56.0000    
  1180      3.00000     56.0000    
  1181      4.00000     56.0000    
  1182      5.00000     56.0000    
  1183      6.00000     56.0000    
  1184      7.00000     56.0000    
  1185      8.00000     56.0000    
  1186      9.00000     56.0000    
  1187      10.0000     56.0000    
  1188      11.0000     56.0000    
  1189      12.0000     56.0000    
  1190      13.0000     56.0000    
  1191      14.0000     56.0000    
  1192      15.0000     56.0000    
  1193      16.0000     56.0000    
  1194      17.0000     56.0000    
  1195      18.0000     56.0000    
  1196      19.0000     56.0000    
  1197      20.0000     56.0000    
  1198      0.00000     57.0000    
  1199      1.00000     57.0000    
  1200      2.00000     57.0000    
  1201      3.00000     57.0000    
  1202      4.00000     57.0000    
  1203      5.00000     57.0000    
  1204      6.00000     57.0000    
  1205      7.00000     57.0000    
  1206      8.00000     57.0000    
  1207      9.00000     57.0000    
  1208      10.0000     57.0000    
  1209      11.0000     57.0000    
  1210      12.0000     57.0000    
  1211      13.0000     57.0000    
  1212      14.0000     57.0000    
  1213      15.0000     57.0000    
  1214      16.0000     57.0000    
  1215      17.0000     57.0000    
  1216      18.0000     57.0000    
  1217      19.0000     57.0000    
  1218      20.0000     57.0000    
  1219      0.00000     58.0000    
  1220      1.00000     58.0000    
  1221      2.00000     58.0000    
  1222      3.00000     58.0000    
  1223      4.00000     58.0000    
  1224      5.00000     58.0000    
  1225      6.00000     58.0000    
  1226      7.00000     58.0000    
  1227      8.00000     58.0000    
  1228      9.00000     58.0000    
  1229      10.0000     58.0000    
  1230      11.0000     58.0000    
  1231      12.0000     58.0000    
  1232      13.0000     58.0000    
  1233      14.0000     58.0000    
  1234      15.0000     58.0000    
  1235      16.0000     58.0000    
  1236      17.0000     58.0000    
  1237      18.0000     58.0000    
  1238      19.0000     58.0000    
  1239      20.0000     58.0000    
  1240      0.00000     59.0000    
  1241      1.00000     59.0000    
  1242      2.00000     59.0000    
  1243      3.00000     59.0000    
  1244      4.00000     59.0000    
  1245      5.00000     59.0000    
  1246      6.00000     59.0000    
  1247      7.00000     59.0000    
  1248      8.00000     59.0000    
  1249      9.00000     59.0000    
  1250      10.0000     59.0000    
  1251      11.0000     59.0000    
  1252      12.0000     59.0000    
  1253      13.0000     59.0000    
  1254      14.0000     59.0000    
  1255      15.0000     59.0000    
  1256      16.0000     59.0000    
  1257      17.0000     59.0000    
  1258      18.0000     59.0000    
  1259      19.0000     59.0000    
  1260      20.0000     59.0000    
  1261      0.00000     60.0000    
  1262      1.00000     60.0000    
  1263      2.00000     60.0000    
  1264      3.00000     60.0000    
  1265      4.00000     60.0000    
  1266      5.00000     60.0000    
  1267      6.00000     60.0000    
  1268      7.00000     60.0000    
  1269      8.00000     60.0000    
  1270      9.00000     60.0000    
  1271      10.0000     60.0000    
  1272      11.0000     60.0000    
  1273      12.0000     60.0000    
  1274      13.0000     60.0000    
  1275      14.0000     60.0000    
  1276      15.0000     60.0000    
  1277      16.0000     60.0000    
  1278      17.0000     60.0000    
  1279      18.0000     60.0000    
  1280      19.0000     60.0000    
  1281      20.0000     60.0000    

NODES_WITH_PRESCRIBED_DISPLACEMENTS    2
    11    11    0.00000    -1.00000          0.00000    
  1271    11    0.00000     1.00000          0.00000    

*
* CLAMPED top and bottom edge nodes
*
MASTER_SLAVE_SETS   2
    1271  20  11
       1261 1262 1263 1264 1265 1266 1267 1268 1269 1270 1272 1273 1274 1275 1276 1277 1278 1279 1280 1281
      11  20  11
       1 2 3 4 5 6 7 8 9 10 12 13 14 15 16 17 18 19 20 21


LOADINGS  0

*
* Material #1 has the original properties
*
* Material #2 has different hardening curve
* with  resolved yield stress 10% lower than the
* original material.
*
*
MATERIALS 2
1 PLANAR_DOUBLE_SLIP_SINGLE_CRYSTAL
      0.000
     21.100   49.980   75.00  60.00
       30
  0.0   0.06
  0.02  0.0693170526
  0.04116  0.0772217724
  0.06354728  0.0838439672
  0.0872330222  0.0893183217
  0.112292538  0.093780868
  0.138805505  0.0973655998
  0.166856224  0.10020138
  0.196533885  0.102409276
  0.22793285  0.104100433
  0.261152956  0.105374545
  0.296299827  0.106318961
  0.333485217  0.107008398
  0.37282736  0.107505215
  0.414451346  0.107860159
  0.458489525  0.108113452
  0.505081917  0.108296126
  0.554376668  0.108431461
  0.606530515  0.108536418
  0.661709285  0.108622998
  0.720088423  0.108699438
  0.847201058  0.108841945
  0.989486365  0.10898835
  1.14875542  0.109148551
  1.32703546  0.109327005
  1.74997629  0.109749976
  2.2799109  0.110279911
  2.94390612  0.110943906
  3.77587605  0.111775876
  5.11777643  0.113117776
2 PLANAR_DOUBLE_SLIP_SINGLE_CRYSTAL
      0.000
     21.100   49.980   75.00  60.00
       30
  0.0   0.054
  0.02  0.0633170526
  0.04116  0.0712217724
  0.06354728  0.0778439672
  0.0872330222  0.0833183217
  0.112292538  0.087780868
  0.138805505  0.0913655998
  0.166856224  0.0942013795
  0.196533885  0.0964092756
  0.22793285  0.0981004327
  0.261152956  0.0993745453
  0.296299827  0.100318961
  0.333485217  0.101008398
  0.37282736  0.101505215
  0.414451346  0.101860159
  0.458489525  0.102113452
  0.505081917  0.102296126
  0.554376668  0.102431461
  0.606530515  0.102536418
  0.661709285  0.102622998
  0.720088423  0.102699438
  0.847201058  0.102841945
  0.989486365  0.10298835
  1.14875542  0.103148551
  1.32703546  0.103327005
  1.74997629  0.103749976
  2.2799109  0.104279911
  2.94390612  0.104943906
  3.77587605  0.105775876
  5.11777643  0.107117776

SOLUTION_ALGORITHM  2

INCREMENTS 15
 1.0      0.10000E-08    20    1 1 0 0 0
 0.5      0.10000E-08    20    1 1 0 0 0
 1.0      0.10000E-08    20    1 1 0 0 0
 1.0      0.10000E-08    20    1 1 0 0 0
 0.5      0.10000E-08    20    1 1 0 0 0
 0.5      0.10000E-08    20    1 1 0 0 0
 0.5      0.10000E-08    20    1 1 0 0 0
 0.5      0.10000E-08    20    1 1 0 0 0
 0.5      0.10000E-08    20    1 1 0 0 0
 0.5      0.10000E-08    20    1 1 0 0 0
 0.5      0.10000E-08    20    1 1 0 0 0
 0.5      0.10000E-08    20    1 1 0 0 0
 0.5      0.10000E-08    20    1 1 0 0 0
 0.5      0.10000E-08    20    1 1 0 0 0
 0.5      0.10000E-08    20    1 1 0 0 0
